2022-03-29T09:23:10,18.8,41.3,996.4,1.772,-1.258,1.279,-0.001,0.0,0.0,0.0,T:H:P:NO2:CO:O3:NO:PM1:PM2.5:PM10,62

2022-03-29T09:24:10,17.3,45.7,996.2,3.222,-2.376,0.026,-0.002,0.0,0.0,0.0,T:H:P:NO2:CO:O3:NO:PM1:PM2.5:PM10,122

2022-03-29T09:25:10,16.3,48.3,996.1,4.405,-3.378,-0.001,-0.003,0.0,0.0,0.0,T:H:P:NO2:CO:O3:NO:PM1:PM2.5:PM10,182

2022-03-29T09:26:10,15.6,51.5,996.1,5.354,-4.280,-0.001,-0.003,0.0,0.0,0.0,T:H:P:NO2:CO:O3:NO:PM1:PM2.5:PM10,242

2022-03-29T09:27:10,15.1,52.3,996.1,6.107,-5.087,-0.001,-0.001,0.0,0.0,0.0,T:H:P:NO2:CO:O3:NO:PM1:PM2.5:PM10,302

2022-03-29T09:28:10,14.7,54.1,996.1,6.687,-5.820,-0.001,-0.001,0.0,0.0,0.0,T:H:P:NO2:CO:O3:NO:PM1:PM2.5:PM10,362

2022-03-29T09:29:10,14.5,54.5,996.0,7.120,-5.730,0.000,-0.003,0.0,0.0,0.0,T:H:P:NO2:CO:O3:NO:PM1:PM2.5:PM10,422

2022-03-29T09:30:10,14.3,54.1,996.0,7.320,-4.754,-0.000,-0.002,0.0,0.0,0.0,T:H:P:NO2:CO:O3:NO:PM1:PM2.5:PM10,482

2022-03-29T09:31:10,14.2,55.9,996.0,5.256,-4.023,0.000,-0.003,0.0,0.0,0.0,T:H:P:NO2:CO:O3:NO:PM1:PM2.5:PM10,542

2022-03-29T09:32:10,13.9,56.9,996.0,3.701,-3.413,0.001,-0.001,10.8,19.4,35.1,T:H:P:NO2:CO:O3:NO:PM1:PM2.5:PM10,602

2022-03-29T09:33:10,13.6,57.1,996.0,2.455,-2.891,-0.000,0.016,10.8,19.4,35.1,T:H:P:NO2:CO:O3:NO:PM1:PM2.5:PM10,662

2022-03-29T09:34:10,13.3,58.4,996.0,1.443,-2.446,0.667,0.278,10.8,19.4,35.1,T:H:P:NO2:CO:O3:NO:PM1:PM2.5:PM10,722

2022-03-29T09:35:10,13.1,59.4,996.0,0.619,-2.061,1.622,0.486,10.8,19.4,35.1,T:H:P:NO2:CO:O3:NO:PM1:PM2.5:PM10,782

2022-03-29T09:36:10,12.9,59.6,996.0,-0.001,-1.724,2.302,0.647,10.8,19.4,35.1,T:H:P:NO2:CO:O3:NO:PM1:PM2.5:PM10,842

2022-03-29T09:37:10,12.7,61.5,996.0,-0.002,-1.431,2.696,0.771,10.8,19.4,35.1,T:H:P:NO2:CO:O3:NO:PM1:PM2.5:PM10,902

2022-03-29T09:38:10,12.6,60.9,995.9,-0.003,-1.176,2.276,0.863,10.8,19.4,35.1,T:H:P:NO2:CO:O3:NO:PM1:PM2.5:PM10,962

2022-03-29T09:39:10,12.5,62.2,995.9,-0.003,-0.965,1.916,0.929,10.8,19.4,35.1,T:H:P:NO2:CO:O3:NO:PM1:PM2.5:PM10,1022

2022-03-29T09:40:10,12.4,62.0,995.9,-0.002,-0.776,1.592,0.973,10.8,19.4,35.1,T:H:P:NO2:CO:O3:NO:PM1:PM2.5:PM10,1082

2022-03-29T09:41:10,12.2,62.8,995.9,-0.001,-0.611,1.300,0.999,10.8,19.4,35.1,T:H:P:NO2:CO:O3:NO:PM1:PM2.5:PM10,1142

2022-03-29T09:42:10,12.1,63.4,995.9,0.000,-0.467,1.038,1.010,9.1,18.3,36.6,T:H:P:NO2:CO:O3:NO:PM1:PM2.5:PM10,1202

2022-03-29T09:43:10,12.1,63.5,995.9,-0.001,-0.342,0.805,1.005,9.1,18.3,36.6,T:H:P:NO2:CO:O3:NO:PM1:PM2.5:PM10,1262

2022-03-29T09:44:10,12.1,64.0,995.9,-0.000,-0.231,0.595,0.992,9.1,18.3,36.6,T:H:P:NO2:CO:O3:NO:PM1:PM2.5:PM10,1322

2022-03-29T09:45:10,12.0,63.2,995.9,-0.002,-0.137,0.406,0.970,9.1,18.3,36.6,T:H:P:NO2:CO:O3:NO:PM1:PM2.5:PM10,1381

2022-03-29T09:46:10,12.0,64.1,995.9,-0.000,-0.055,0.237,0.942,9.1,18.3,36.6,T:H:P:NO2:CO:O3:NO:PM1:PM2.5:PM10,1441

2022-03-29T09:47:10,12.2,64.9,995.8,-0.002,0.015,0.062,0.909,9.1,18.3,36.6,T:H:P:NO2:CO:O3:NO:PM1:PM2.5:PM10,1501

2022-03-29T09:48:10,12.3,63.8,995.8,-0.002,0.077,-0.002,0.873,9.1,18.3,36.6,T:H:P:NO2:CO:O3:NO:PM1:PM2.5:PM10,1561

2022-03-29T09:49:10,12.2,62.9,995.8,-0.002,0.132,-0.001,0.834,9.1,18.3,36.6,T:H:P:NO2:CO:O3:NO:PM1:PM2.5:PM10,1621

2022-03-29T09:50:10,12.2,63.1,995.8,-0.001,0.180,-0.001,0.794,9.1,18.3,36.6,T:H:P:NO2:CO:O3:NO:PM1:PM2.5:PM10,1681

2022-03-29T09:51:10,12.2,62.8,995.7,-0.000,0.219,0.000,0.752,9.1,18.3,36.6,T:H:P:NO2:CO:O3:NO:PM1:PM2.5:PM10,1741

2022-03-29T09:52:10,12.1,63.2,995.7,-0.000,0.254,-0.001,0.709,9.4,18.6,35.2,T:H:P:NO2:CO:O3:NO:PM1:PM2.5:PM10,1801

2022-03-29T09:53:10,12.1,62.6,995.7,-0.002,0.282,-0.002,0.667,9.4,18.6,35.2,T:H:P:NO2:CO:O3:NO:PM1:PM2.5:PM10,1861

2022-03-29T09:54:10,12.1,62.9,995.7,-0.002,0.306,0.000,0.625,9.4,18.6,35.2,T:H:P:NO2:CO:O3:NO:PM1:PM2.5:PM10,1921

2022-03-29T09:55:10,12.0,63.2,995.7,-0.002,0.327,0.001,0.584,9.4,18.6,35.2,T:H:P:NO2:CO:O3:NO:PM1:PM2.5:PM10,1981

2022-03-29T09:56:10,12.0,62.6,995.7,-0.001,0.344,-0.002,0.544,9.4,18.6,35.2,T:H:P:NO2:CO:O3:NO:PM1:PM2.5:PM10,2041

2022-03-29T09:57:10,12.0,63.3,995.7,-0.000,0.359,-0.001,0.505,9.4,18.6,35.2,T:H:P:NO2:CO:O3:NO:PM1:PM2.5:PM10,2101

2022-03-29T09:58:10,12.0,62.6,995.6,-0.002,0.370,-0.001,0.468,9.4,18.6,35.2,T:H:P:NO2:CO:O3:NO:PM1:PM2.5:PM10,2161

2022-03-29T09:59:10,12.0,63.2,995.6,-0.000,0.381,0.000,0.432,9.4,18.6,35.2,T:H:P:NO2:CO:O3:NO:PM1:PM2.5:PM10,2221

2022-03-29T10:00:10,12.1,64.0,995.6,-0.002,0.388,-0.002,0.398,9.4,18.6,35.2,T:H:P:NO2:CO:O3:NO:PM1:PM2.5:PM10,2281

2022-03-29T10:01:10,12.1,62.7,995.6,-0.003,0.394,-0.001,0.365,9.4,18.6,35.2,T:H:P:NO2:CO:O3:NO:PM1:PM2.5:PM10,2341

2022-03-29T10:02:10,12.2,63.2,995.6,-0.001,0.399,-0.000,0.334,8.9,16.8,29.7,T:H:P:NO2:CO:O3:NO:PM1:PM2.5:PM10,2401

2022-03-29T10:03:10,12.3,61.9,995.6,-0.002,0.405,-0.002,0.303,8.9,16.8,29.7,T:H:P:NO2:CO:O3:NO:PM1:PM2.5:PM10,2461

2022-03-29T10:04:10,12.3,61.3,995.6,-0.001,0.408,-0.002,0.276,8.9,16.8,29.7,T:H:P:NO2:CO:O3:NO:PM1:PM2.5:PM10,2521

2022-03-29T10:05:10,12.4,62.5,995.6,-0.002,0.407,-0.002,0.251,8.9,16.8,29.7,T:H:P:NO2:CO:O3:NO:PM1:PM2.5:PM10,2581

2022-03-29T10:06:10,12.4,62.1,995.6,-0.001,0.408,-0.001,0.227,8.9,16.8,29.7,T:H:P:NO2:CO:O3:NO:PM1:PM2.5:PM10,2641

2022-03-29T10:07:10,12.5,61.4,995.6,-0.003,0.409,0.001,0.203,8.9,16.8,29.7,T:H:P:NO2:CO:O3:NO:PM1:PM2.5:PM10,2701

2022-03-29T10:08:10,12.6,59.9,995.6,-0.001,0.408,-0.001,0.182,8.9,16.8,29.7,T:H:P:NO2:CO:O3:NO:PM1:PM2.5:PM10,2761

2022-03-29T10:09:10,12.7,61.3,995.5,-0.001,0.408,-0.000,0.162,8.9,16.8,29.7,T:H:P:NO2:CO:O3:NO:PM1:PM2.5:PM10,2821

2022-03-29T10:10:10,12.8,60.6,995.6,-0.002,0.407,0.001,0.144,8.9,16.8,29.7,T:H:P:NO2:CO:O3:NO:PM1:PM2.5:PM10,2880

2022-03-29T10:11:10,12.7,60.6,995.5,-0.000,0.408,-0.000,0.127,8.9,16.8,29.7,T:H:P:NO2:CO:O3:NO:PM1:PM2.5:PM10,2940

2022-03-29T10:12:10,12.7,61.4,995.5,-0.003,0.409,0.000,0.111,11.5,21.0,35.1,T:H:P:NO2:CO:O3:NO:PM1:PM2.5:PM10,3000

2022-03-29T10:13:10,12.7,61.7,995.5,-0.003,0.409,-0.002,0.097,11.5,21.0,35.1,T:H:P:NO2:CO:O3:NO:PM1:PM2.5:PM10,3060

2022-03-29T10:14:10,12.6,61.6,995.5,-0.003,0.409,-0.002,0.084,11.5,21.0,35.1,T:H:P:NO2:CO:O3:NO:PM1:PM2.5:PM10,3120

2022-03-29T10:15:10,12.7,61.4,995.5,-0.002,0.407,-0.000,0.072,11.5,21.0,35.1,T:H:P:NO2:CO:O3:NO:PM1:PM2.5:PM10,3180

2022-03-29T10:16:10,12.7,61.1,995.5,-0.002,0.405,-0.001,0.060,11.5,21.0,35.1,T:H:P:NO2:CO:O3:NO:PM1:PM2.5:PM10,3240

2022-03-29T10:17:10,12.8,60.5,995.5,-0.003,0.409,-0.002,0.049,11.5,21.0,35.1,T:H:P:NO2:CO:O3:NO:PM1:PM2.5:PM10,3300

2022-03-29T10:18:10,12.9,60.1,995.5,-0.001,0.416,-0.001,0.039,11.5,21.0,35.1,T:H:P:NO2:CO:O3:NO:PM1:PM2.5:PM10,3360

2022-03-29T10:19:10,13.0,60.4,995.5,-0.003,0.414,-0.002,0.031,11.5,21.0,35.1,T:H:P:NO2:CO:O3:NO:PM1:PM2.5:PM10,3420

2022-03-29T10:20:10,13.0,60.0,995.5,-0.002,0.411,-0.001,0.023,11.5,21.0,35.1,T:H:P:NO2:CO:O3:NO:PM1:PM2.5:PM10,3480

2022-03-29T10:21:10,13.0,59.9,995.4,-0.002,0.407,-0.001,0.016,11.5,21.0,35.1,T:H:P:NO2:CO:O3:NO:PM1:PM2.5:PM10,3540

2022-03-29T10:22:10,13.1,60.8,995.5,-0.002,0.406,-0.001,0.009,9.0,16.5,26.6,T:H:P:NO2:CO:O3:NO:PM1:PM2.5:PM10,3600

2022-03-29T10:23:10,13.2,60.4,995.5,0.000,0.404,0.000,0.003,9.0,16.5,26.6,T:H:P:NO2:CO:O3:NO:PM1:PM2.5:PM10,3660

2022-03-29T10:24:10,13.2,58.5,995.5,-0.001,0.405,0.001,-0.002,9.0,16.5,26.6,T:H:P:NO2:CO:O3:NO:PM1:PM2.5:PM10,3720

2022-03-29T10:25:10,13.2,57.9,995.4,-0.002,0.402,-0.001,-0.002,9.0,16.5,26.6,T:H:P:NO2:CO:O3:NO:PM1:PM2.5:PM10,3780

2022-03-29T10:26:10,13.2,59.9,995.4,-0.002,0.399,-0.001,-0.002,9.0,16.5,26.6,T:H:P:NO2:CO:O3:NO:PM1:PM2.5:PM10,3840

2022-03-29T10:27:10,13.3,58.0,995.4,-0.001,0.399,0.000,-0.002,9.0,16.5,26.6,T:H:P:NO2:CO:O3:NO:PM1:PM2.5:PM10,3900

2022-03-29T10:28:10,13.4,57.2,995.4,-0.003,0.398,0.001,-0.001,9.0,16.5,26.6,T:H:P:NO2:CO:O3:NO:PM1:PM2.5:PM10,3960

2022-03-29T10:29:10,13.4,57.1,995.4,-0.001,0.399,-0.002,-0.001,9.0,16.5,26.6,T:H:P:NO2:CO:O3:NO:PM1:PM2.5:PM10,4020

2022-03-29T10:30:10,13.4,57.3,995.4,-0.001,0.399,0.000,-0.001,9.0,16.5,26.6,T:H:P:NO2:CO:O3:NO:PM1:PM2.5:PM10,4079

2022-03-29T10:31:10,13.5,55.8,995.4,-0.003,0.400,-0.001,0.000,9.0,16.5,26.6,T:H:P:NO2:CO:O3:NO:PM1:PM2.5:PM10,4139

2022-03-29T10:32:10,13.5,56.6,995.4,0.000,0.397,-0.002,-0.002,10.9,20.2,32.8,T:H:P:NO2:CO:O3:NO:PM1:PM2.5:PM10,4199

2022-03-29T10:33:10,13.5,57.1,995.4,-0.002,0.396,-0.001,-0.001,10.9,20.2,32.8,T:H:P:NO2:CO:O3:NO:PM1:PM2.5:PM10,4259

2022-03-29T10:34:10,13.6,56.8,995.4,-0.002,0.394,-0.001,-0.003,10.9,20.2,32.8,T:H:P:NO2:CO:O3:NO:PM1:PM2.5:PM10,4319

2022-03-29T10:35:10,13.7,58.2,995.4,-0.000,0.392,-0.001,-0.003,10.9,20.2,32.8,T:H:P:NO2:CO:O3:NO:PM1:PM2.5:PM10,4379

2022-03-29T10:36:10,13.8,56.1,995.4,-0.001,0.389,-0.002,-0.002,10.9,20.2,32.8,T:H:P:NO2:CO:O3:NO:PM1:PM2.5:PM10,4439

2022-03-29T10:37:10,13.9,54.0,995.4,-0.003,0.390,0.000,-0.002,10.9,20.2,32.8,T:H:P:NO2:CO:O3:NO:PM1:PM2.5:PM10,4499

2022-03-29T10:38:10,13.8,54.8,995.4,-0.002,0.389,-0.002,0.000,10.9,20.2,32.8,T:H:P:NO2:CO:O3:NO:PM1:PM2.5:PM10,4559

2022-03-29T10:39:10,13.8,54.5,995.4,-0.002,0.386,-0.000,-0.001,10.9,20.2,32.8,T:H:P:NO2:CO:O3:NO:PM1:PM2.5:PM10,4619

2022-03-29T10:40:10,13.9,55.3,995.4,-0.001,0.387,0.000,-0.002,10.9,20.2,32.8,T:H:P:NO2:CO:O3:NO:PM1:PM2.5:PM10,4679

2022-03-29T10:41:10,13.9,53.6,995.4,-0.001,0.386,0.001,-0.001,10.9,20.2,32.8,T:H:P:NO2:CO:O3:NO:PM1:PM2.5:PM10,4739

2022-03-29T10:42:10,13.8,54.4,995.4,-0.001,0.386,-0.002,-0.002,9.9,18.9,31.8,T:H:P:NO2:CO:O3:NO:PM1:PM2.5:PM10,4799

2022-03-29T10:43:10,13.8,54.2,995.4,-0.002,0.385,-0.002,-0.002,9.9,18.9,31.8,T:H:P:NO2:CO:O3:NO:PM1:PM2.5:PM10,4859

2022-03-29T10:44:10,13.7,55.3,995.4,-0.003,0.384,-0.002,-0.001,9.9,18.9,31.8,T:H:P:NO2:CO:O3:NO:PM1:PM2.5:PM10,4919

2022-03-29T10:45:10,13.7,55.0,995.3,-0.002,0.384,0.000,-0.001,9.9,18.9,31.8,T:H:P:NO2:CO:O3:NO:PM1:PM2.5:PM10,4979

2022-03-29T10:46:10,13.7,55.3,995.3,-0.001,0.382,-0.001,-0.001,9.9,18.9,31.8,T:H:P:NO2:CO:O3:NO:PM1:PM2.5:PM10,5039

2022-03-29T10:47:10,13.8,55.7,995.3,-0.001,0.381,-0.001,-0.001,9.9,18.9,31.8,T:H:P:NO2:CO:O3:NO:PM1:PM2.5:PM10,5099

2022-03-29T10:48:10,13.8,55.5,995.3,-0.001,0.379,-0.002,-0.002,9.9,18.9,31.8,T:H:P:NO2:CO:O3:NO:PM1:PM2.5:PM10,5159

2022-03-29T10:49:10,13.9,55.6,995.3,-0.003,0.378,-0.000,-0.001,9.9,18.9,31.8,T:H:P:NO2:CO:O3:NO:PM1:PM2.5:PM10,5219

2022-03-29T10:50:10,13.9,55.7,995.3,-0.002,0.376,-0.002,-0.001,9.9,18.9,31.8,T:H:P:NO2:CO:O3:NO:PM1:PM2.5:PM10,5279

2022-03-29T10:51:10,13.8,55.5,995.3,-0.001,0.376,-0.000,-0.001,9.9,18.9,31.8,T:H:P:NO2:CO:O3:NO:PM1:PM2.5:PM10,5339

2022-03-29T10:52:10,13.8,56.6,995.3,-0.003,0.374,-0.002,-0.001,11.3,20.5,32.9,T:H:P:NO2:CO:O3:NO:PM1:PM2.5:PM10,5399

2022-03-29T10:53:10,13.8,58.8,995.3,-0.003,0.373,0.001,-0.002,11.3,20.5,32.9,T:H:P:NO2:CO:O3:NO:PM1:PM2.5:PM10,5459

2022-03-29T10:54:10,13.8,59.4,995.3,-0.002,0.370,-0.001,-0.002,11.3,20.5,32.9,T:H:P:NO2:CO:O3:NO:PM1:PM2.5:PM10,5519

2022-03-29T10:55:10,13.9,59.6,995.3,-0.002,0.368,-0.000,-0.002,11.3,20.5,32.9,T:H:P:NO2:CO:O3:NO:PM1:PM2.5:PM10,5578

2022-03-29T10:56:10,14.0,58.8,995.2,-0.003,0.369,-0.002,-0.002,11.3,20.5,32.9,T:H:P:NO2:CO:O3:NO:PM1:PM2.5:PM10,5638

2022-03-29T10:57:10,14.0,58.9,995.2,-0.001,0.368,-0.001,-0.001,11.3,20.5,32.9,T:H:P:NO2:CO:O3:NO:PM1:PM2.5:PM10,5698

2022-03-29T10:58:10,14.1,58.7,995.2,-0.003,0.368,-0.001,-0.001,11.3,20.5,32.9,T:H:P:NO2:CO:O3:NO:PM1:PM2.5:PM10,5758

2022-03-29T10:59:10,14.1,58.2,995.2,-0.001,0.367,-0.000,-0.000,11.3,20.5,32.9,T:H:P:NO2:CO:O3:NO:PM1:PM2.5:PM10,5818

2022-03-29T11:00:10,14.1,58.2,995.2,-0.002,0.367,0.001,-0.003,11.3,20.5,32.9,T:H:P:NO2:CO:O3:NO:PM1:PM2.5:PM10,5878

2022-03-29T11:01:10,14.2,58.2,995.2,-0.000,0.367,0.001,-0.002,11.3,20.5,32.9,T:H:P:NO2:CO:O3:NO:PM1:PM2.5:PM10,5938

2022-03-29T11:02:10,14.2,58.5,995.1,-0.002,0.368,0.001,-0.002,15.7,25.5,41.4,T:H:P:NO2:CO:O3:NO:PM1:PM2.5:PM10,5998

2022-03-29T11:03:10,14.3,57.8,995.1,-0.001,0.368,0.004,-0.000,15.7,25.5,41.4,T:H:P:NO2:CO:O3:NO:PM1:PM2.5:PM10,6058

2022-03-29T11:04:10,14.2,59.4,995.1,-0.003,0.367,0.002,-0.001,15.7,25.5,41.4,T:H:P:NO2:CO:O3:NO:PM1:PM2.5:PM10,6118

2022-03-29T11:05:10,14.2,58.5,995.1,-0.003,0.368,0.003,-0.000,15.7,25.5,41.4,T:H:P:NO2:CO:O3:NO:PM1:PM2.5:PM10,6178

2022-03-29T11:06:10,14.3,55.5,995.1,-0.000,0.370,0.005,-0.002,15.7,25.5,41.4,T:H:P:NO2:CO:O3:NO:PM1:PM2.5:PM10,6238

2022-03-29T11:07:10,14.4,54.1,995.1,-0.001,0.368,0.006,-0.002,15.7,25.5,41.4,T:H:P:NO2:CO:O3:NO:PM1:PM2.5:PM10,6298

2022-03-29T11:08:10,14.5,52.4,995.1,-0.001,0.369,0.007,-0.001,15.7,25.5,41.4,T:H:P:NO2:CO:O3:NO:PM1:PM2.5:PM10,6358

2022-03-29T11:09:10,14.4,53.9,995.1,-0.002,0.368,0.007,-0.003,15.7,25.5,41.4,T:H:P:NO2:CO:O3:NO:PM1:PM2.5:PM10,6418

2022-03-29T11:10:10,14.4,53.5,995.1,-0.002,0.367,0.008,-0.002,15.7,25.5,41.4,T:H:P:NO2:CO:O3:NO:PM1:PM2.5:PM10,6478

2022-03-29T11:11:10,14.3,55.4,995.1,-0.003,0.366,0.008,-0.003,15.7,25.5,41.4,T:H:P:NO2:CO:O3:NO:PM1:PM2.5:PM10,6538

2022-03-29T11:12:10,14.4,54.8,995.1,-0.001,0.364,0.008,-0.000,10.6,20.0,33.7,T:H:P:NO2:CO:O3:NO:PM1:PM2.5:PM10,6598

2022-03-29T11:13:10,14.4,53.7,995.1,-0.002,0.362,0.008,-0.002,10.6,20.0,33.7,T:H:P:NO2:CO:O3:NO:PM1:PM2.5:PM10,6658

2022-03-29T11:14:10,14.3,53.8,995.1,-0.002,0.361,0.009,-0.001,10.6,20.0,33.7,T:H:P:NO2:CO:O3:NO:PM1:PM2.5:PM10,6718

2022-03-29T11:15:10,14.4,53.4,995.0,-0.000,0.360,0.009,-0.000,10.6,20.0,33.7,T:H:P:NO2:CO:O3:NO:PM1:PM2.5:PM10,6777

2022-03-29T11:16:10,14.4,54.5,995.0,-0.001,0.360,0.010,-0.003,10.6,20.0,33.7,T:H:P:NO2:CO:O3:NO:PM1:PM2.5:PM10,6837

2022-03-29T11:17:10,14.4,54.8,995.0,-0.002,0.360,0.010,-0.002,10.6,20.0,33.7,T:H:P:NO2:CO:O3:NO:PM1:PM2.5:PM10,6897

2022-03-29T11:18:10,14.5,55.1,995.0,-0.002,0.360,0.010,-0.002,10.6,20.0,33.7,T:H:P:NO2:CO:O3:NO:PM1:PM2.5:PM10,6957

2022-03-29T11:19:10,14.6,54.2,995.0,-0.000,0.359,0.010,-0.001,10.6,20.0,33.7,T:H:P:NO2:CO:O3:NO:PM1:PM2.5:PM10,7017

2022-03-29T11:20:10,14.8,55.8,995.0,0.001,0.358,0.010,-0.001,10.6,20.0,33.7,T:H:P:NO2:CO:O3:NO:PM1:PM2.5:PM10,7077

2022-03-29T11:21:10,14.9,54.2,995.0,0.001,0.359,0.009,-0.002,10.6,20.0,33.7,T:H:P:NO2:CO:O3:NO:PM1:PM2.5:PM10,7137

2022-03-29T11:22:10,14.9,53.7,995.0,0.002,0.359,0.009,-0.001,9.8,19.0,33.9,T:H:P:NO2:CO:O3:NO:PM1:PM2.5:PM10,7197

2022-03-29T11:23:10,14.8,55.9,995.0,0.002,0.360,0.008,-0.003,9.8,19.0,33.9,T:H:P:NO2:CO:O3:NO:PM1:PM2.5:PM10,7257

2022-03-29T11:24:10,14.9,55.1,995.0,0.003,0.361,0.006,-0.001,9.8,19.0,33.9,T:H:P:NO2:CO:O3:NO:PM1:PM2.5:PM10,7317

2022-03-29T11:25:10,15.1,53.7,995.0,0.005,0.363,0.006,-0.002,9.8,19.0,33.9,T:H:P:NO2:CO:O3:NO:PM1:PM2.5:PM10,7377

2022-03-29T11:26:10,15.2,55.4,995.0,0.005,0.364,0.003,-0.003,9.8,19.0,33.9,T:H:P:NO2:CO:O3:NO:PM1:PM2.5:PM10,7437

2022-03-29T11:27:10,15.3,52.0,995.0,0.005,0.367,0.004,-0.001,9.8,19.0,33.9,T:H:P:NO2:CO:O3:NO:PM1:PM2.5:PM10,7497

2022-03-29T11:28:10,15.3,52.8,994.9,0.006,0.372,0.004,-0.001,9.8,19.0,33.9,T:H:P:NO2:CO:O3:NO:PM1:PM2.5:PM10,7557

2022-03-29T11:29:10,15.4,54.5,994.9,0.006,0.373,0.002,-0.002,9.8,19.0,33.9,T:H:P:NO2:CO:O3:NO:PM1:PM2.5:PM10,7617

2022-03-29T11:30:10,15.4,51.8,994.9,0.006,0.374,0.003,-0.002,9.8,19.0,33.9,T:H:P:NO2:CO:O3:NO:PM1:PM2.5:PM10,7677

2022-03-29T11:31:10,15.5,53.8,994.9,0.005,0.372,0.002,-0.001,9.8,19.0,33.9,T:H:P:NO2:CO:O3:NO:PM1:PM2.5:PM10,7737

2022-03-29T11:32:10,15.3,51.8,994.9,0.005,0.374,0.004,-0.001,9.4,17.5,30.0,T:H:P:NO2:CO:O3:NO:PM1:PM2.5:PM10,7797

2022-03-29T11:33:10,15.3,53.4,994.9,0.006,0.372,0.003,-0.000,9.4,17.5,30.0,T:H:P:NO2:CO:O3:NO:PM1:PM2.5:PM10,7857

2022-03-29T11:34:10,15.4,54.8,994.9,0.006,0.371,0.002,-0.003,9.4,17.5,30.0,T:H:P:NO2:CO:O3:NO:PM1:PM2.5:PM10,7917

2022-03-29T11:35:10,15.6,55.1,994.9,0.006,0.373,0.002,-0.003,9.4,17.5,30.0,T:H:P:NO2:CO:O3:NO:PM1:PM2.5:PM10,7977

2022-03-29T11:36:10,15.6,51.6,994.9,0.007,0.376,0.003,-0.001,9.4,17.5,30.0,T:H:P:NO2:CO:O3:NO:PM1:PM2.5:PM10,8037

2022-03-29T11:37:10,15.7,53.3,994.9,0.008,0.375,0.002,-0.002,9.4,17.5,30.0,T:H:P:NO2:CO:O3:NO:PM1:PM2.5:PM10,8097

2022-03-29T11:38:10,15.8,56.4,994.9,0.008,0.373,0.001,-0.002,9.4,17.5,30.0,T:H:P:NO2:CO:O3:NO:PM1:PM2.5:PM10,8157

2022-03-29T11:39:10,15.9,52.4,994.9,0.007,0.377,0.001,-0.000,9.4,17.5,30.0,T:H:P:NO2:CO:O3:NO:PM1:PM2.5:PM10,8217

2022-03-29T11:40:10,15.8,53.0,994.9,0.007,0.374,0.002,-0.003,9.4,17.5,30.0,T:H:P:NO2:CO:O3:NO:PM1:PM2.5:PM10,8276

2022-03-29T11:41:10,15.7,51.6,994.8,0.007,0.376,0.002,-0.002,9.4,17.5,30.0,T:H:P:NO2:CO:O3:NO:PM1:PM2.5:PM10,8336

2022-03-29T11:42:10,15.7,52.1,994.8,0.007,0.377,0.002,-0.002,9.5,16.8,27.7,T:H:P:NO2:CO:O3:NO:PM1:PM2.5:PM10,8396

2022-03-29T11:43:10,15.8,51.6,994.8,0.007,0.377,0.002,-0.001,9.5,16.8,27.7,T:H:P:NO2:CO:O3:NO:PM1:PM2.5:PM10,8456

2022-03-29T11:44:10,15.9,51.4,994.8,0.008,0.376,0.002,-0.002,9.5,16.8,27.7,T:H:P:NO2:CO:O3:NO:PM1:PM2.5:PM10,8516

2022-03-29T11:45:10,15.9,50.8,994.8,0.010,0.375,0.001,-0.002,9.5,16.8,27.7,T:H:P:NO2:CO:O3:NO:PM1:PM2.5:PM10,8576

2022-03-29T11:46:10,16.0,50.3,994.8,0.010,0.376,-0.002,-0.002,9.5,16.8,27.7,T:H:P:NO2:CO:O3:NO:PM1:PM2.5:PM10,8636

2022-03-29T11:47:10,16.1,51.2,994.9,0.007,0.378,0.001,-0.003,9.5,16.8,27.7,T:H:P:NO2:CO:O3:NO:PM1:PM2.5:PM10,8696

2022-03-29T11:48:10,16.1,49.6,994.8,0.011,0.380,0.001,-0.000,9.5,16.8,27.7,T:H:P:NO2:CO:O3:NO:PM1:PM2.5:PM10,8756

2022-03-29T11:49:10,16.2,48.8,994.8,0.011,0.379,0.000,-0.001,9.5,16.8,27.7,T:H:P:NO2:CO:O3:NO:PM1:PM2.5:PM10,8816

2022-03-29T11:50:10,16.2,50.7,994.8,0.011,0.376,0.001,-0.001,9.5,16.8,27.7,T:H:P:NO2:CO:O3:NO:PM1:PM2.5:PM10,8876

2022-03-29T11:51:10,16.2,49.1,994.8,0.011,0.377,0.000,-0.001,9.5,16.8,27.7,T:H:P:NO2:CO:O3:NO:PM1:PM2.5:PM10,8936

2022-03-29T11:52:10,16.3,50.6,994.8,0.011,0.376,0.000,-0.003,10.4,18.3,30.7,T:H:P:NO2:CO:O3:NO:PM1:PM2.5:PM10,8996

2022-03-29T11:53:10,16.2,49.5,994.7,0.011,0.377,-0.002,-0.002,10.4,18.3,30.7,T:H:P:NO2:CO:O3:NO:PM1:PM2.5:PM10,9056

2022-03-29T11:54:10,16.1,49.6,994.7,0.010,0.378,-0.001,-0.002,10.4,18.3,30.7,T:H:P:NO2:CO:O3:NO:PM1:PM2.5:PM10,9116

2022-03-29T11:55:10,15.9,50.1,994.7,0.011,0.375,-0.000,-0.002,10.4,18.3,30.7,T:H:P:NO2:CO:O3:NO:PM1:PM2.5:PM10,9176

2022-03-29T11:56:10,15.9,51.7,994.7,0.008,0.424,-0.001,-0.000,10.4,18.3,30.7,T:H:P:NO2:CO:O3:NO:PM1:PM2.5:PM10,9236

2022-03-29T11:57:10,16.0,52.0,994.7,0.008,0.475,0.003,-0.003,10.4,18.3,30.7,T:H:P:NO2:CO:O3:NO:PM1:PM2.5:PM10,9296

2022-03-29T11:58:10,16.1,49.8,994.7,0.011,0.479,0.001,-0.001,10.4,18.3,30.7,T:H:P:NO2:CO:O3:NO:PM1:PM2.5:PM10,9356

2022-03-29T11:59:10,16.3,49.5,994.7,0.013,0.472,-0.002,-0.001,10.4,18.3,30.7,T:H:P:NO2:CO:O3:NO:PM1:PM2.5:PM10,9416

2022-03-29T12:00:10,16.3,50.8,994.7,0.013,0.461,0.000,-0.000,10.4,18.3,30.7,T:H:P:NO2:CO:O3:NO:PM1:PM2.5:PM10,9476

2022-03-29T12:01:10,16.4,49.1,994.7,0.014,0.455,0.000,-0.001,10.4,18.3,30.7,T:H:P:NO2:CO:O3:NO:PM1:PM2.5:PM10,9536

2022-03-29T12:02:10,16.3,50.4,994.6,0.014,0.446,-0.001,-0.000,10.4,18.7,39.6,T:H:P:NO2:CO:O3:NO:PM1:PM2.5:PM10,9596

2022-03-29T12:03:10,16.4,48.6,994.6,0.014,0.440,-0.001,-0.000,10.4,18.7,39.6,T:H:P:NO2:CO:O3:NO:PM1:PM2.5:PM10,9656

2022-03-29T12:04:10,16.3,48.3,994.6,0.013,0.432,-0.001,-0.003,10.4,18.7,39.6,T:H:P:NO2:CO:O3:NO:PM1:PM2.5:PM10,9716

2022-03-29T12:05:10,16.0,48.3,994.6,0.013,0.425,-0.002,-0.003,10.4,18.7,39.6,T:H:P:NO2:CO:O3:NO:PM1:PM2.5:PM10,9775

2022-03-29T12:06:10,15.8,50.3,994.6,0.013,0.418,-0.001,-0.000,10.4,18.7,39.6,T:H:P:NO2:CO:O3:NO:PM1:PM2.5:PM10,9835

2022-03-29T12:07:10,15.8,52.7,994.6,0.012,0.410,-0.001,-0.002,10.4,18.7,39.6,T:H:P:NO2:CO:O3:NO:PM1:PM2.5:PM10,9895

2022-03-29T12:08:10,15.9,51.5,994.6,0.013,0.404,0.001,-0.002,10.4,18.7,39.6,T:H:P:NO2:CO:O3:NO:PM1:PM2.5:PM10,9955

2022-03-29T12:09:10,16.1,49.1,994.6,0.016,0.398,-0.000,-0.001,10.4,18.7,39.6,T:H:P:NO2:CO:O3:NO:PM1:PM2.5:PM10,10015

2022-03-29T12:10:10,16.2,48.2,994.6,0.018,0.394,-0.002,-0.001,10.4,18.7,39.6,T:H:P:NO2:CO:O3:NO:PM1:PM2.5:PM10,10075

2022-03-29T12:11:10,16.3,48.9,994.6,0.018,0.389,-0.000,-0.001,10.4,18.7,39.6,T:H:P:NO2:CO:O3:NO:PM1:PM2.5:PM10,10135

2022-03-29T12:12:10,16.3,49.2,994.5,0.019,0.386,-0.001,-0.001,10.5,19.1,51.4,T:H:P:NO2:CO:O3:NO:PM1:PM2.5:PM10,10195

2022-03-29T12:13:10,16.2,49.7,994.6,0.020,0.384,-0.001,-0.001,10.5,19.1,51.4,T:H:P:NO2:CO:O3:NO:PM1:PM2.5:PM10,10255

2022-03-29T12:14:10,16.2,49.5,994.5,0.020,0.381,-0.001,-0.001,10.5,19.1,51.4,T:H:P:NO2:CO:O3:NO:PM1:PM2.5:PM10,10315

2022-03-29T12:15:10,16.2,49.3,994.6,0.021,0.378,-0.001,-0.001,10.5,19.1,51.4,T:H:P:NO2:CO:O3:NO:PM1:PM2.5:PM10,10375

2022-03-29T12:16:10,16.1,49.3,994.6,0.023,0.374,-0.001,-0.001,10.5,19.1,51.4,T:H:P:NO2:CO:O3:NO:PM1:PM2.5:PM10,10435

2022-03-29T12:17:10,16.2,50.8,994.5,0.023,0.370,-0.000,-0.001,10.5,19.1,51.4,T:H:P:NO2:CO:O3:NO:PM1:PM2.5:PM10,10495

2022-03-29T12:18:10,16.4,49.0,994.6,0.024,0.369,-0.001,-0.001,10.5,19.1,51.4,T:H:P:NO2:CO:O3:NO:PM1:PM2.5:PM10,10555

2022-03-29T12:19:10,16.5,51.3,994.5,0.023,0.364,-0.002,-0.002,10.5,19.1,51.4,T:H:P:NO2:CO:O3:NO:PM1:PM2.5:PM10,10615

2022-03-29T12:20:10,16.5,48.5,994.5,0.026,0.364,0.001,-0.001,10.5,19.1,51.4,T:H:P:NO2:CO:O3:NO:PM1:PM2.5:PM10,10675

2022-03-29T12:21:10,16.6,47.3,994.5,0.026,0.362,-0.001,-0.002,10.5,19.1,51.4,T:H:P:NO2:CO:O3:NO:PM1:PM2.5:PM10,10735

2022-03-29T12:22:10,16.6,46.5,994.5,0.027,0.362,0.000,-0.002,12.4,19.2,30.4,T:H:P:NO2:CO:O3:NO:PM1:PM2.5:PM10,10795

2022-03-29T12:23:10,16.6,47.7,994.5,0.028,0.361,-0.000,-0.002,12.4,19.2,30.4,T:H:P:NO2:CO:O3:NO:PM1:PM2.5:PM10,10855

2022-03-29T12:24:10,16.6,51.4,994.5,0.026,0.360,-0.000,-0.001,12.4,19.2,30.4,T:H:P:NO2:CO:O3:NO:PM1:PM2.5:PM10,10915

2022-03-29T12:25:10,16.7,51.7,994.5,0.027,0.361,0.000,-0.001,12.4,19.2,30.4,T:H:P:NO2:CO:O3:NO:PM1:PM2.5:PM10,10974

2022-03-29T12:26:10,16.7,49.4,994.5,0.030,0.364,-0.001,-0.002,12.4,19.2,30.4,T:H:P:NO2:CO:O3:NO:PM1:PM2.5:PM10,11034

2022-03-29T12:27:10,16.8,47.9,994.5,0.030,0.364,-0.002,-0.003,12.4,19.2,30.4,T:H:P:NO2:CO:O3:NO:PM1:PM2.5:PM10,11094

2022-03-29T12:28:10,16.9,49.7,994.5,0.031,0.363,-0.002,-0.002,12.4,19.2,30.4,T:H:P:NO2:CO:O3:NO:PM1:PM2.5:PM10,11154

2022-03-29T12:29:10,16.9,48.9,994.5,0.031,0.362,0.000,-0.001,12.4,19.2,30.4,T:H:P:NO2:CO:O3:NO:PM1:PM2.5:PM10,11214

2022-03-29T12:30:10,17.0,48.6,994.5,0.031,0.361,0.001,-0.001,12.4,19.2,30.4,T:H:P:NO2:CO:O3:NO:PM1:PM2.5:PM10,11274

2022-03-29T12:31:10,17.0,47.1,994.5,0.031,0.359,-0.002,0.000,12.4,19.2,30.4,T:H:P:NO2:CO:O3:NO:PM1:PM2.5:PM10,11334

2022-03-29T12:32:10,17.0,47.3,994.5,0.030,0.359,-0.001,-0.002,9.7,16.7,28.0,T:H:P:NO2:CO:O3:NO:PM1:PM2.5:PM10,11394

2022-03-29T12:33:10,16.8,46.8,994.5,0.030,0.359,-0.002,-0.002,9.7,16.7,28.0,T:H:P:NO2:CO:O3:NO:PM1:PM2.5:PM10,11454

2022-03-29T12:34:10,16.7,47.7,994.5,0.029,0.356,-0.001,-0.001,9.7,16.7,28.0,T:H:P:NO2:CO:O3:NO:PM1:PM2.5:PM10,11514

2022-03-29T12:35:10,16.5,46.9,994.5,0.028,0.358,0.000,-0.001,9.7,16.7,28.0,T:H:P:NO2:CO:O3:NO:PM1:PM2.5:PM10,11574

2022-03-29T12:36:10,16.1,47.6,994.5,0.028,0.356,-0.002,-0.002,9.7,16.7,28.0,T:H:P:NO2:CO:O3:NO:PM1:PM2.5:PM10,11634

2022-03-29T12:37:10,16.0,50.0,994.5,0.029,0.351,0.001,-0.000,9.7,16.7,28.0,T:H:P:NO2:CO:O3:NO:PM1:PM2.5:PM10,11694

2022-03-29T12:38:10,16.0,49.1,994.5,0.029,0.349,0.000,0.000,9.7,16.7,28.0,T:H:P:NO2:CO:O3:NO:PM1:PM2.5:PM10,11754

2022-03-29T12:39:10,16.1,46.8,994.5,0.030,0.346,-0.000,-0.001,9.7,16.7,28.0,T:H:P:NO2:CO:O3:NO:PM1:PM2.5:PM10,11814

2022-03-29T12:40:10,16.2,47.1,994.5,0.031,0.342,-0.001,-0.001,9.7,16.7,28.0,T:H:P:NO2:CO:O3:NO:PM1:PM2.5:PM10,11874

2022-03-29T12:41:10,16.2,48.1,994.4,0.031,0.340,-0.001,-0.003,9.7,16.7,28.0,T:H:P:NO2:CO:O3:NO:PM1:PM2.5:PM10,11934

2022-03-29T12:42:10,16.1,48.1,994.4,0.031,0.339,-0.001,0.000,9.4,17.3,30.7,T:H:P:NO2:CO:O3:NO:PM1:PM2.5:PM10,11994

2022-03-29T12:43:10,15.9,48.5,994.4,0.032,0.338,-0.000,-0.003,9.4,17.3,30.7,T:H:P:NO2:CO:O3:NO:PM1:PM2.5:PM10,12054

2022-03-29T12:44:10,15.8,49.1,994.3,0.033,0.338,0.000,-0.000,9.4,17.3,30.7,T:H:P:NO2:CO:O3:NO:PM1:PM2.5:PM10,12114

2022-03-29T12:45:10,15.8,50.1,994.4,0.034,0.336,-0.001,-0.000,9.4,17.3,30.7,T:H:P:NO2:CO:O3:NO:PM1:PM2.5:PM10,12174

2022-03-29T12:46:10,15.8,49.2,994.4,0.035,0.336,-0.001,-0.000,9.4,17.3,30.7,T:H:P:NO2:CO:O3:NO:PM1:PM2.5:PM10,12234

2022-03-29T12:47:10,15.8,49.9,994.3,0.036,0.333,-0.001,-0.001,9.4,17.3,30.7,T:H:P:NO2:CO:O3:NO:PM1:PM2.5:PM10,12294

2022-03-29T12:48:10,15.8,48.9,994.3,0.038,0.330,-0.002,-0.001,9.4,17.3,30.7,T:H:P:NO2:CO:O3:NO:PM1:PM2.5:PM10,12354

2022-03-29T12:49:10,15.8,49.3,994.3,0.039,0.327,0.000,-0.001,9.4,17.3,30.7,T:H:P:NO2:CO:O3:NO:PM1:PM2.5:PM10,12414

2022-03-29T12:50:10,15.8,49.2,994.3,0.040,0.326,-0.000,-0.002,9.4,17.3,30.7,T:H:P:NO2:CO:O3:NO:PM1:PM2.5:PM10,12473

2022-03-29T12:51:10,15.8,49.1,994.2,0.042,0.325,-0.001,-0.002,9.4,17.3,30.7,T:H:P:NO2:CO:O3:NO:PM1:PM2.5:PM10,12533

2022-03-29T12:52:10,15.8,49.4,994.2,0.043,0.324,-0.002,-0.001,9.9,17.2,33.5,T:H:P:NO2:CO:O3:NO:PM1:PM2.5:PM10,12593

2022-03-29T12:53:10,15.8,48.3,994.2,0.044,0.322,-0.002,-0.002,9.9,17.2,33.5,T:H:P:NO2:CO:O3:NO:PM1:PM2.5:PM10,12653

2022-03-29T12:54:10,15.8,48.8,994.2,0.046,0.320,-0.002,-0.002,9.9,17.2,33.5,T:H:P:NO2:CO:O3:NO:PM1:PM2.5:PM10,12713

2022-03-29T12:55:10,15.9,49.8,994.3,0.048,0.319,-0.001,-0.002,9.9,17.2,33.5,T:H:P:NO2:CO:O3:NO:PM1:PM2.5:PM10,12773

2022-03-29T12:56:10,16.0,48.9,994.3,0.049,0.319,-0.002,-0.002,9.9,17.2,33.5,T:H:P:NO2:CO:O3:NO:PM1:PM2.5:PM10,12833

2022-03-29T12:57:10,16.0,49.6,994.3,0.050,0.318,0.001,-0.002,9.9,17.2,33.5,T:H:P:NO2:CO:O3:NO:PM1:PM2.5:PM10,12893

2022-03-29T12:58:10,16.0,48.2,994.3,0.051,0.317,-0.002,-0.002,9.9,17.2,33.5,T:H:P:NO2:CO:O3:NO:PM1:PM2.5:PM10,12953

2022-03-29T12:59:10,16.0,50.7,994.2,0.051,0.315,-0.002,-0.001,9.9,17.2,33.5,T:H:P:NO2:CO:O3:NO:PM1:PM2.5:PM10,13013

2022-03-29T13:00:10,16.0,49.1,994.2,0.053,0.316,-0.001,-0.001,9.9,17.2,33.5,T:H:P:NO2:CO:O3:NO:PM1:PM2.5:PM10,13073

2022-03-29T13:01:10,16.1,49.1,994.2,0.053,0.316,-0.002,-0.001,9.9,17.2,33.5,T:H:P:NO2:CO:O3:NO:PM1:PM2.5:PM10,13133

2022-03-29T13:02:10,16.1,49.1,994.2,0.055,0.315,-0.002,-0.001,10.2,18.0,32.7,T:H:P:NO2:CO:O3:NO:PM1:PM2.5:PM10,13193

2022-03-29T13:03:10,16.2,50.2,994.1,0.055,0.313,0.000,-0.001,10.2,18.0,32.7,T:H:P:NO2:CO:O3:NO:PM1:PM2.5:PM10,13253

2022-03-29T13:04:10,16.2,49.5,994.2,0.056,0.314,-0.002,-0.001,10.2,18.0,32.7,T:H:P:NO2:CO:O3:NO:PM1:PM2.5:PM10,13313

2022-03-29T13:05:10,16.2,49.3,994.2,0.057,0.314,-0.002,-0.001,10.2,18.0,32.7,T:H:P:NO2:CO:O3:NO:PM1:PM2.5:PM10,13373

2022-03-29T13:06:10,16.1,50.0,994.2,0.058,0.311,-0.002,-0.001,10.2,18.0,32.7,T:H:P:NO2:CO:O3:NO:PM1:PM2.5:PM10,13433

2022-03-29T13:07:10,16.1,49.8,994.2,0.059,0.312,-0.002,-0.001,10.2,18.0,32.7,T:H:P:NO2:CO:O3:NO:PM1:PM2.5:PM10,13493

2022-03-29T13:08:10,16.2,49.5,994.2,0.060,0.314,0.000,-0.000,10.2,18.0,32.7,T:H:P:NO2:CO:O3:NO:PM1:PM2.5:PM10,13553

2022-03-29T13:09:10,16.2,49.2,994.2,0.060,0.314,0.000,-0.000,10.2,18.0,32.7,T:H:P:NO2:CO:O3:NO:PM1:PM2.5:PM10,13613

2022-03-29T13:10:10,16.1,49.5,994.2,0.061,0.313,0.000,0.000,10.2,18.0,32.7,T:H:P:NO2:CO:O3:NO:PM1:PM2.5:PM10,13672

2022-03-29T13:11:10,16.1,49.4,994.2,0.062,0.312,0.001,-0.000,10.2,18.0,32.7,T:H:P:NO2:CO:O3:NO:PM1:PM2.5:PM10,13732

2022-03-29T13:12:10,16.2,48.5,994.2,0.062,0.311,-0.000,-0.003,8.7,15.4,28.0,T:H:P:NO2:CO:O3:NO:PM1:PM2.5:PM10,13792

2022-03-29T13:13:10,16.1,49.8,994.2,0.063,0.311,0.000,-0.002,8.7,15.4,28.0,T:H:P:NO2:CO:O3:NO:PM1:PM2.5:PM10,13852

2022-03-29T13:14:10,16.1,49.1,994.2,0.063,0.311,-0.000,-0.002,8.7,15.4,28.0,T:H:P:NO2:CO:O3:NO:PM1:PM2.5:PM10,13912

2022-03-29T13:15:10,16.2,49.5,994.2,0.064,0.309,-0.000,-0.002,8.7,15.4,28.0,T:H:P:NO2:CO:O3:NO:PM1:PM2.5:PM10,13972

2022-03-29T13:16:10,16.2,48.1,994.1,0.064,0.307,-0.001,-0.002,8.7,15.4,28.0,T:H:P:NO2:CO:O3:NO:PM1:PM2.5:PM10,14032

2022-03-29T13:17:10,16.3,48.4,994.1,0.065,0.307,0.000,-0.002,8.7,15.4,28.0,T:H:P:NO2:CO:O3:NO:PM1:PM2.5:PM10,14092

2022-03-29T13:18:10,16.2,48.8,994.1,0.065,0.309,0.000,-0.002,8.7,15.4,28.0,T:H:P:NO2:CO:O3:NO:PM1:PM2.5:PM10,14152

2022-03-29T13:19:10,16.1,48.8,994.1,0.065,0.310,-0.002,-0.002,8.7,15.4,28.0,T:H:P:NO2:CO:O3:NO:PM1:PM2.5:PM10,14212

2022-03-29T13:20:10,16.1,49.3,994.2,0.065,0.311,-0.002,-0.002,8.7,15.4,28.0,T:H:P:NO2:CO:O3:NO:PM1:PM2.5:PM10,14272

2022-03-29T13:21:10,16.1,50.3,994.2,0.065,0.308,-0.002,-0.002,8.7,15.4,28.0,T:H:P:NO2:CO:O3:NO:PM1:PM2.5:PM10,14332

2022-03-29T13:22:10,16.2,49.4,994.2,0.065,0.308,-0.002,-0.002,9.7,16.2,28.7,T:H:P:NO2:CO:O3:NO:PM1:PM2.5:PM10,14392

2022-03-29T13:23:10,16.3,49.2,994.1,0.066,0.309,-0.001,-0.002,9.7,16.2,28.7,T:H:P:NO2:CO:O3:NO:PM1:PM2.5:PM10,14452

2022-03-29T13:24:10,16.2,50.1,994.1,0.066,0.307,-0.001,-0.001,9.7,16.2,28.7,T:H:P:NO2:CO:O3:NO:PM1:PM2.5:PM10,14512

2022-03-29T13:25:10,16.2,49.2,994.1,0.066,0.310,-0.001,-0.001,9.7,16.2,28.7,T:H:P:NO2:CO:O3:NO:PM1:PM2.5:PM10,14572

2022-03-29T13:26:10,16.2,50.0,994.1,0.066,0.308,-0.001,-0.001,9.7,16.2,28.7,T:H:P:NO2:CO:O3:NO:PM1:PM2.5:PM10,14632

2022-03-29T13:27:10,16.2,49.0,994.1,0.067,0.311,-0.001,-0.001,9.7,16.2,28.7,T:H:P:NO2:CO:O3:NO:PM1:PM2.5:PM10,14692

2022-03-29T13:28:10,16.2,48.6,994.1,0.067,0.310,-0.001,-0.000,9.7,16.2,28.7,T:H:P:NO2:CO:O3:NO:PM1:PM2.5:PM10,14752

2022-03-29T13:29:10,16.2,48.3,994.1,0.067,0.310,-0.001,-0.000,9.7,16.2,28.7,T:H:P:NO2:CO:O3:NO:PM1:PM2.5:PM10,14812

2022-03-29T13:30:10,16.2,48.8,994.1,0.068,0.310,-0.000,-0.000,9.7,16.2,28.7,T:H:P:NO2:CO:O3:NO:PM1:PM2.5:PM10,14872

2022-03-29T13:31:10,16.2,48.8,994.0,0.068,0.311,-0.000,0.000,9.7,16.2,28.7,T:H:P:NO2:CO:O3:NO:PM1:PM2.5:PM10,14932

2022-03-29T13:32:10,16.3,47.6,994.0,0.068,0.310,0.000,-0.001,9.9,17.5,30.1,T:H:P:NO2:CO:O3:NO:PM1:PM2.5:PM10,14992

2022-03-29T13:33:10,16.2,48.7,994.0,0.068,0.311,-0.002,0.000,9.9,17.5,30.1,T:H:P:NO2:CO:O3:NO:PM1:PM2.5:PM10,15052

2022-03-29T13:34:10,16.2,49.2,993.9,0.069,0.310,0.000,0.000,9.9,17.5,30.1,T:H:P:NO2:CO:O3:NO:PM1:PM2.5:PM10,15112

2022-03-29T13:35:10,16.2,49.2,993.9,0.069,0.309,-0.001,0.000,9.9,17.5,30.1,T:H:P:NO2:CO:O3:NO:PM1:PM2.5:PM10,15171

2022-03-29T13:36:10,16.3,48.8,993.9,0.070,0.308,0.000,0.000,9.9,17.5,30.1,T:H:P:NO2:CO:O3:NO:PM1:PM2.5:PM10,15231

2022-03-29T13:37:10,16.3,48.8,993.9,0.070,0.307,0.001,0.001,9.9,17.5,30.1,T:H:P:NO2:CO:O3:NO:PM1:PM2.5:PM10,15291

2022-03-29T13:38:10,16.2,49.1,993.9,0.070,0.307,0.000,0.001,9.9,17.5,30.1,T:H:P:NO2:CO:O3:NO:PM1:PM2.5:PM10,15351

2022-03-29T13:39:10,16.2,50.2,993.8,0.071,0.305,-0.000,0.000,9.9,17.5,30.1,T:H:P:NO2:CO:O3:NO:PM1:PM2.5:PM10,15411

2022-03-29T13:40:10,16.1,50.4,993.8,0.072,0.304,-0.000,0.000,9.9,17.5,30.1,T:H:P:NO2:CO:O3:NO:PM1:PM2.5:PM10,15471

2022-03-29T13:41:10,16.1,49.8,993.8,0.072,0.307,-0.001,0.000,9.9,17.5,30.1,T:H:P:NO2:CO:O3:NO:PM1:PM2.5:PM10,15531

2022-03-29T13:42:10,16.0,50.3,993.8,0.072,0.306,0.000,0.000,12.3,20.4,34.8,T:H:P:NO2:CO:O3:NO:PM1:PM2.5:PM10,15591

2022-03-29T13:43:10,16.0,49.5,993.8,0.072,0.308,0.000,0.000,12.3,20.4,34.8,T:H:P:NO2:CO:O3:NO:PM1:PM2.5:PM10,15651

2022-03-29T13:44:10,15.9,49.9,993.8,0.072,0.307,-0.002,0.000,12.3,20.4,34.8,T:H:P:NO2:CO:O3:NO:PM1:PM2.5:PM10,15711

2022-03-29T13:45:10,15.9,51.1,993.7,0.070,0.304,-0.002,0.001,12.3,20.4,34.8,T:H:P:NO2:CO:O3:NO:PM1:PM2.5:PM10,15771

2022-03-29T13:46:10,15.9,50.3,993.7,0.073,0.304,-0.001,0.000,12.3,20.4,34.8,T:H:P:NO2:CO:O3:NO:PM1:PM2.5:PM10,15831

2022-03-29T13:47:10,15.9,50.6,993.6,0.075,0.303,-0.002,-0.000,12.3,20.4,34.8,T:H:P:NO2:CO:O3:NO:PM1:PM2.5:PM10,15891

2022-03-29T13:48:10,15.9,50.8,993.6,0.075,0.303,-0.000,0.000,12.3,20.4,34.8,T:H:P:NO2:CO:O3:NO:PM1:PM2.5:PM10,15951

2022-03-29T13:49:10,15.8,50.6,993.6,0.076,0.303,-0.001,0.000,12.3,20.4,34.8,T:H:P:NO2:CO:O3:NO:PM1:PM2.5:PM10,16011

2022-03-29T13:50:10,15.8,52.2,993.6,0.075,0.304,-0.002,0.001,12.3,20.4,34.8,T:H:P:NO2:CO:O3:NO:PM1:PM2.5:PM10,16071

2022-03-29T13:51:10,15.7,52.9,993.5,0.075,0.302,-0.002,0.001,12.3,20.4,34.8,T:H:P:NO2:CO:O3:NO:PM1:PM2.5:PM10,16131

2022-03-29T13:52:10,15.7,52.2,993.5,0.076,0.302,-0.000,0.001,10.6,20.4,41.6,T:H:P:NO2:CO:O3:NO:PM1:PM2.5:PM10,16191

2022-03-29T13:53:10,15.7,51.3,993.5,0.077,0.301,-0.001,0.000,10.6,20.4,41.6,T:H:P:NO2:CO:O3:NO:PM1:PM2.5:PM10,16251

2022-03-29T13:54:10,15.6,52.6,993.4,0.077,0.299,-0.001,0.000,10.6,20.4,41.6,T:H:P:NO2:CO:O3:NO:PM1:PM2.5:PM10,16311

2022-03-29T13:55:10,15.6,51.5,993.4,0.078,0.297,-0.001,-0.001,10.6,20.4,41.6,T:H:P:NO2:CO:O3:NO:PM1:PM2.5:PM10,16370

2022-03-29T13:56:10,15.6,51.8,993.4,0.079,0.297,-0.002,-0.001,10.6,20.4,41.6,T:H:P:NO2:CO:O3:NO:PM1:PM2.5:PM10,16430

2022-03-29T13:57:10,15.5,52.4,993.3,0.079,0.296,0.001,-0.001,10.6,20.4,41.6,T:H:P:NO2:CO:O3:NO:PM1:PM2.5:PM10,16490

2022-03-29T13:58:10,15.5,52.2,993.3,0.080,0.295,0.000,-0.001,10.6,20.4,41.6,T:H:P:NO2:CO:O3:NO:PM1:PM2.5:PM10,16550

2022-03-29T13:59:10,15.5,52.5,993.3,0.081,0.292,0.000,-0.001,10.6,20.4,41.6,T:H:P:NO2:CO:O3:NO:PM1:PM2.5:PM10,16610

2022-03-29T14:00:10,15.5,54.1,993.3,0.083,0.287,0.000,-0.002,10.6,20.4,41.6,T:H:P:NO2:CO:O3:NO:PM1:PM2.5:PM10,16670

2022-03-29T14:01:10,15.6,54.8,993.2,0.084,0.286,-0.001,-0.002,10.6,20.4,41.6,T:H:P:NO2:CO:O3:NO:PM1:PM2.5:PM10,16730

2022-03-29T14:02:10,15.6,54.3,993.2,0.085,0.286,-0.002,-0.002,10.8,19.2,36.2,T:H:P:NO2:CO:O3:NO:PM1:PM2.5:PM10,16790

2022-03-29T14:03:10,15.6,54.2,993.2,0.086,0.285,0.000,-0.002,10.8,19.2,36.2,T:H:P:NO2:CO:O3:NO:PM1:PM2.5:PM10,16850

2022-03-29T14:04:10,15.6,55.0,993.2,0.087,0.286,0.000,-0.001,10.8,19.2,36.2,T:H:P:NO2:CO:O3:NO:PM1:PM2.5:PM10,16910

2022-03-29T14:05:10,15.6,55.5,993.2,0.088,0.286,-0.002,-0.001,10.8,19.2,36.2,T:H:P:NO2:CO:O3:NO:PM1:PM2.5:PM10,16970

2022-03-29T14:06:10,15.7,55.7,993.2,0.089,0.285,-0.002,-0.001,10.8,19.2,36.2,T:H:P:NO2:CO:O3:NO:PM1:PM2.5:PM10,17030

2022-03-29T14:07:10,15.8,54.2,993.2,0.090,0.285,0.000,-0.002,10.8,19.2,36.2,T:H:P:NO2:CO:O3:NO:PM1:PM2.5:PM10,17090

2022-03-29T14:08:10,15.8,52.5,993.1,0.090,0.289,0.000,-0.002,10.8,19.2,36.2,T:H:P:NO2:CO:O3:NO:PM1:PM2.5:PM10,17150

2022-03-29T14:09:10,15.7,52.6,993.2,0.091,0.290,-0.002,-0.002,10.8,19.2,36.2,T:H:P:NO2:CO:O3:NO:PM1:PM2.5:PM10,17210

2022-03-29T14:10:10,15.7,53.2,993.1,0.091,0.289,0.000,-0.002,10.8,19.2,36.2,T:H:P:NO2:CO:O3:NO:PM1:PM2.5:PM10,17270

2022-03-29T14:11:10,15.7,53.0,993.1,0.091,0.290,0.000,-0.002,10.8,19.2,36.2,T:H:P:NO2:CO:O3:NO:PM1:PM2.5:PM10,17330

2022-03-29T14:12:10,15.7,53.9,993.1,0.092,0.291,0.000,-0.001,16.5,25.4,43.4,T:H:P:NO2:CO:O3:NO:PM1:PM2.5:PM10,17390

2022-03-29T14:13:10,15.7,53.8,993.1,0.092,0.291,-0.000,-0.001,16.5,25.4,43.4,T:H:P:NO2:CO:O3:NO:PM1:PM2.5:PM10,17450

2022-03-29T14:14:10,15.7,53.7,993.1,0.093,0.290,-0.000,-0.001,16.5,25.4,43.4,T:H:P:NO2:CO:O3:NO:PM1:PM2.5:PM10,17510

2022-03-29T14:15:10,15.7,53.3,993.2,0.093,0.290,-0.001,-0.001,16.5,25.4,43.4,T:H:P:NO2:CO:O3:NO:PM1:PM2.5:PM10,17570

2022-03-29T14:16:10,15.7,54.3,993.1,0.094,0.291,-0.001,-0.001,16.5,25.4,43.4,T:H:P:NO2:CO:O3:NO:PM1:PM2.5:PM10,17630

2022-03-29T14:17:10,15.7,54.1,993.1,0.094,0.290,-0.001,-0.000,16.5,25.4,43.4,T:H:P:NO2:CO:O3:NO:PM1:PM2.5:PM10,17690

2022-03-29T14:18:10,15.8,54.4,993.1,0.095,0.291,-0.002,0.000,16.5,25.4,43.4,T:H:P:NO2:CO:O3:NO:PM1:PM2.5:PM10,17750

2022-03-29T14:19:10,15.7,53.5,993.1,0.095,0.292,-0.002,0.000,16.5,25.4,43.4,T:H:P:NO2:CO:O3:NO:PM1:PM2.5:PM10,17810

2022-03-29T14:20:10,15.7,54.0,993.1,0.096,0.293,0.000,0.000,16.5,25.4,43.4,T:H:P:NO2:CO:O3:NO:PM1:PM2.5:PM10,17869

2022-03-29T14:21:10,15.7,54.0,993.1,0.096,0.293,0.000,0.001,16.5,25.4,43.4,T:H:P:NO2:CO:O3:NO:PM1:PM2.5:PM10,17929

2022-03-29T14:22:10,15.8,54.6,993.1,0.097,0.294,0.000,0.001,11.7,20.0,39.3,T:H:P:NO2:CO:O3:NO:PM1:PM2.5:PM10,17989

2022-03-29T14:23:10,15.8,54.7,993.1,0.097,0.295,-0.000,0.001,11.7,20.0,39.3,T:H:P:NO2:CO:O3:NO:PM1:PM2.5:PM10,18049

2022-03-29T14:24:10,15.9,53.6,993.1,0.098,0.295,-0.000,0.001,11.7,20.0,39.3,T:H:P:NO2:CO:O3:NO:PM1:PM2.5:PM10,18109

