2022-03-29T09:10:35,17.9,42.1,997.1,1.489,-1.268,1.211,-0.002,0.0,0.0,0.0,T:H:P:NO2:CO:O3:NO:PM1:PM2.5:PM10,62

2022-03-29T09:11:35,17.0,45.1,996.9,2.705,-2.397,0.325,-0.003,9.5,18.5,39.2,T:H:P:NO2:CO:O3:NO:PM1:PM2.5:PM10,122

2022-03-29T09:12:35,16.3,46.7,996.9,3.696,-3.409,-0.000,-0.002,9.5,18.5,39.2,T:H:P:NO2:CO:O3:NO:PM1:PM2.5:PM10,182

2022-03-29T09:13:35,15.7,48.9,996.8,4.494,-4.320,-0.002,-0.001,9.5,18.5,39.2,T:H:P:NO2:CO:O3:NO:PM1:PM2.5:PM10,242

2022-03-29T09:14:35,15.2,50.4,996.8,5.124,-5.138,-0.001,-0.001,9.5,18.5,39.2,T:H:P:NO2:CO:O3:NO:PM1:PM2.5:PM10,302

2022-03-29T09:15:35,14.8,52.0,996.8,5.608,-5.512,-0.001,-0.001,9.5,18.5,39.2,T:H:P:NO2:CO:O3:NO:PM1:PM2.5:PM10,362

2022-03-29T09:16:35,14.4,53.5,996.7,5.971,-4.524,-0.001,-0.001,9.5,18.5,39.2,T:H:P:NO2:CO:O3:NO:PM1:PM2.5:PM10,422

2022-03-29T09:17:35,14.0,54.5,996.7,6.228,-3.836,-0.002,-0.001,9.5,18.5,39.2,T:H:P:NO2:CO:O3:NO:PM1:PM2.5:PM10,482

2022-03-29T09:18:35,13.8,55.2,996.7,6.395,-3.273,-0.001,-0.002,9.5,18.5,39.2,T:H:P:NO2:CO:O3:NO:PM1:PM2.5:PM10,542

2022-03-29T09:19:35,13.4,57.1,996.6,6.487,-2.807,-0.002,-0.001,9.5,18.5,39.2,T:H:P:NO2:CO:O3:NO:PM1:PM2.5:PM10,602

2022-03-29T09:20:35,13.1,57.5,996.6,5.235,-2.399,-0.001,-0.002,9.5,18.5,39.2,T:H:P:NO2:CO:O3:NO:PM1:PM2.5:PM10,662

2022-03-29T09:21:35,12.9,59.0,996.5,3.599,-2.047,-0.001,0.039,10.9,21.5,42.0,T:H:P:NO2:CO:O3:NO:PM1:PM2.5:PM10,722

2022-03-29T09:22:35,12.6,60.1,996.5,2.301,-1.742,0.000,0.223,10.9,21.5,42.0,T:H:P:NO2:CO:O3:NO:PM1:PM2.5:PM10,782

2022-03-29T09:23:35,12.4,61.5,996.5,1.254,-1.479,0.605,0.369,10.9,21.5,42.0,T:H:P:NO2:CO:O3:NO:PM1:PM2.5:PM10,842

2022-03-29T09:24:35,12.4,61.1,996.5,0.406,-1.252,1.832,0.484,10.9,21.5,42.0,T:H:P:NO2:CO:O3:NO:PM1:PM2.5:PM10,902

2022-03-29T09:25:35,12.3,61.2,996.4,-0.001,-1.052,2.721,0.572,10.9,21.5,42.0,T:H:P:NO2:CO:O3:NO:PM1:PM2.5:PM10,961

2022-03-29T09:26:35,12.3,62.1,996.4,-0.002,-0.882,2.980,0.639,10.9,21.5,42.0,T:H:P:NO2:CO:O3:NO:PM1:PM2.5:PM10,1021

2022-03-29T09:27:35,12.3,63.0,996.4,-0.003,-0.730,2.699,0.688,10.9,21.5,42.0,T:H:P:NO2:CO:O3:NO:PM1:PM2.5:PM10,1081

2022-03-29T09:28:35,12.3,61.5,996.4,-0.002,-0.596,2.440,0.721,10.9,21.5,42.0,T:H:P:NO2:CO:O3:NO:PM1:PM2.5:PM10,1141

2022-03-29T09:29:35,12.3,61.2,996.4,-0.002,-0.476,2.203,0.742,10.9,21.5,42.0,T:H:P:NO2:CO:O3:NO:PM1:PM2.5:PM10,1201

2022-03-29T09:30:35,12.3,62.5,996.4,0.000,-0.371,1.986,0.751,10.9,21.5,42.0,T:H:P:NO2:CO:O3:NO:PM1:PM2.5:PM10,1261

2022-03-29T09:31:35,12.3,61.4,996.4,-0.003,-0.278,1.787,0.749,7.4,15.8,33.3,T:H:P:NO2:CO:O3:NO:PM1:PM2.5:PM10,1321

2022-03-29T09:32:35,12.3,62.2,996.4,-0.001,-0.199,1.604,0.742,7.4,15.8,33.3,T:H:P:NO2:CO:O3:NO:PM1:PM2.5:PM10,1381

2022-03-29T09:33:35,12.4,62.1,996.4,-0.001,-0.129,1.437,0.729,7.4,15.8,33.3,T:H:P:NO2:CO:O3:NO:PM1:PM2.5:PM10,1441

2022-03-29T09:34:35,12.4,61.5,996.4,-0.001,-0.066,1.284,0.710,7.4,15.8,33.3,T:H:P:NO2:CO:O3:NO:PM1:PM2.5:PM10,1501

2022-03-29T09:35:35,12.4,61.6,996.4,-0.001,-0.013,1.144,0.689,7.4,15.8,33.3,T:H:P:NO2:CO:O3:NO:PM1:PM2.5:PM10,1561

2022-03-29T09:36:35,12.4,61.5,996.4,-0.001,0.034,1.016,0.665,7.4,15.8,33.3,T:H:P:NO2:CO:O3:NO:PM1:PM2.5:PM10,1621

2022-03-29T09:37:35,12.4,62.9,996.4,-0.001,0.073,0.899,0.641,7.4,15.8,33.3,T:H:P:NO2:CO:O3:NO:PM1:PM2.5:PM10,1681

2022-03-29T09:38:35,12.4,62.2,996.4,-0.003,0.111,0.791,0.614,7.4,15.8,33.3,T:H:P:NO2:CO:O3:NO:PM1:PM2.5:PM10,1741

2022-03-29T09:39:35,12.3,63.3,996.3,-0.002,0.141,0.692,0.586,7.4,15.8,33.3,T:H:P:NO2:CO:O3:NO:PM1:PM2.5:PM10,1801

2022-03-29T09:40:35,12.3,62.6,996.3,-0.001,0.167,0.601,0.557,7.4,15.8,33.3,T:H:P:NO2:CO:O3:NO:PM1:PM2.5:PM10,1861

2022-03-29T09:41:35,12.2,63.0,996.3,-0.001,0.190,0.518,0.529,8.8,18.6,36.3,T:H:P:NO2:CO:O3:NO:PM1:PM2.5:PM10,1921

2022-03-29T09:42:35,12.2,63.1,996.3,-0.001,0.208,0.442,0.501,8.8,18.6,36.3,T:H:P:NO2:CO:O3:NO:PM1:PM2.5:PM10,1981

2022-03-29T09:43:35,12.1,64.1,996.3,-0.001,0.225,0.371,0.472,8.8,18.6,36.3,T:H:P:NO2:CO:O3:NO:PM1:PM2.5:PM10,2041

2022-03-29T09:44:35,12.2,63.5,996.3,-0.002,0.240,0.307,0.445,8.8,18.6,36.3,T:H:P:NO2:CO:O3:NO:PM1:PM2.5:PM10,2101

2022-03-29T09:45:35,12.2,63.2,996.2,-0.001,0.253,0.248,0.418,8.8,18.6,36.3,T:H:P:NO2:CO:O3:NO:PM1:PM2.5:PM10,2161

2022-03-29T09:46:35,12.2,63.3,996.2,-0.003,0.265,0.193,0.392,8.8,18.6,36.3,T:H:P:NO2:CO:O3:NO:PM1:PM2.5:PM10,2221

2022-03-29T09:47:35,12.2,62.9,996.2,-0.003,0.274,0.143,0.366,8.8,18.6,36.3,T:H:P:NO2:CO:O3:NO:PM1:PM2.5:PM10,2281

2022-03-29T09:48:35,12.3,65.2,996.2,-0.002,0.281,0.075,0.344,8.8,18.6,36.3,T:H:P:NO2:CO:O3:NO:PM1:PM2.5:PM10,2341

2022-03-29T09:49:35,12.4,62.3,996.1,-0.001,0.292,0.046,0.319,8.8,18.6,36.3,T:H:P:NO2:CO:O3:NO:PM1:PM2.5:PM10,2401

2022-03-29T09:50:35,12.3,62.7,996.1,-0.002,0.299,0.016,0.297,8.8,18.6,36.3,T:H:P:NO2:CO:O3:NO:PM1:PM2.5:PM10,2460

2022-03-29T09:51:35,12.3,62.9,996.1,-0.001,0.305,-0.001,0.276,11.0,20.2,35.8,T:H:P:NO2:CO:O3:NO:PM1:PM2.5:PM10,2520

2022-03-29T09:52:35,12.3,62.4,996.1,-0.003,0.310,-0.001,0.256,11.0,20.2,35.8,T:H:P:NO2:CO:O3:NO:PM1:PM2.5:PM10,2580

2022-03-29T09:53:35,12.3,62.5,996.1,-0.000,0.314,-0.001,0.237,11.0,20.2,35.8,T:H:P:NO2:CO:O3:NO:PM1:PM2.5:PM10,2640

2022-03-29T09:54:35,12.2,62.7,996.0,-0.002,0.317,-0.001,0.219,11.0,20.2,35.8,T:H:P:NO2:CO:O3:NO:PM1:PM2.5:PM10,2700

2022-03-29T09:55:35,12.2,62.1,996.0,-0.001,0.319,-0.002,0.202,11.0,20.2,35.8,T:H:P:NO2:CO:O3:NO:PM1:PM2.5:PM10,2760

2022-03-29T09:56:35,12.2,62.2,996.0,-0.002,0.322,-0.001,0.187,11.0,20.2,35.8,T:H:P:NO2:CO:O3:NO:PM1:PM2.5:PM10,2820

2022-03-29T09:57:35,12.2,61.9,996.0,-0.002,0.325,-0.001,0.170,11.0,20.2,35.8,T:H:P:NO2:CO:O3:NO:PM1:PM2.5:PM10,2880

2022-03-29T09:58:35,12.2,62.9,996.0,-0.002,0.324,0.000,0.158,11.0,20.2,35.8,T:H:P:NO2:CO:O3:NO:PM1:PM2.5:PM10,2940

2022-03-29T09:59:35,12.2,62.9,996.0,-0.003,0.326,0.001,0.145,11.0,20.2,35.8,T:H:P:NO2:CO:O3:NO:PM1:PM2.5:PM10,3000

2022-03-29T10:00:35,12.2,63.0,995.9,-0.003,0.326,-0.001,0.133,11.0,20.2,35.8,T:H:P:NO2:CO:O3:NO:PM1:PM2.5:PM10,3060

2022-03-29T10:01:35,12.3,62.6,995.9,-0.001,0.326,-0.001,0.121,8.2,16.6,25.7,T:H:P:NO2:CO:O3:NO:PM1:PM2.5:PM10,3120

2022-03-29T10:02:35,12.3,62.9,996.0,-0.002,0.328,-0.001,0.110,8.2,16.6,25.7,T:H:P:NO2:CO:O3:NO:PM1:PM2.5:PM10,3180

2022-03-29T10:03:35,12.4,61.1,995.9,-0.000,0.331,-0.001,0.099,8.2,16.6,25.7,T:H:P:NO2:CO:O3:NO:PM1:PM2.5:PM10,3240

2022-03-29T10:04:35,12.5,60.6,995.9,-0.002,0.331,0.001,0.090,8.2,16.6,25.7,T:H:P:NO2:CO:O3:NO:PM1:PM2.5:PM10,3300

2022-03-29T10:05:35,12.5,61.0,995.9,-0.001,0.333,-0.002,0.081,8.2,16.6,25.7,T:H:P:NO2:CO:O3:NO:PM1:PM2.5:PM10,3360

2022-03-29T10:06:35,12.5,62.2,995.9,-0.001,0.331,-0.002,0.075,8.2,16.6,25.7,T:H:P:NO2:CO:O3:NO:PM1:PM2.5:PM10,3420

2022-03-29T10:07:35,12.6,61.9,995.9,-0.001,0.334,-0.000,0.066,8.2,16.6,25.7,T:H:P:NO2:CO:O3:NO:PM1:PM2.5:PM10,3480

2022-03-29T10:08:35,12.7,60.1,995.9,-0.003,0.332,-0.002,0.059,8.2,16.6,25.7,T:H:P:NO2:CO:O3:NO:PM1:PM2.5:PM10,3540

2022-03-29T10:09:35,12.8,59.5,995.9,-0.003,0.332,-0.002,0.053,8.2,16.6,25.7,T:H:P:NO2:CO:O3:NO:PM1:PM2.5:PM10,3600

2022-03-29T10:10:35,12.8,59.8,995.9,-0.000,0.332,0.000,0.047,8.2,16.6,25.7,T:H:P:NO2:CO:O3:NO:PM1:PM2.5:PM10,3659

2022-03-29T10:11:35,12.9,59.7,995.8,-0.000,0.333,-0.001,0.042,10.0,19.8,32.4,T:H:P:NO2:CO:O3:NO:PM1:PM2.5:PM10,3719

2022-03-29T10:12:35,12.9,60.2,995.8,-0.001,0.335,-0.002,0.037,10.0,19.8,32.4,T:H:P:NO2:CO:O3:NO:PM1:PM2.5:PM10,3779

2022-03-29T10:13:35,12.8,60.6,995.8,-0.000,0.337,-0.001,0.032,10.0,19.8,32.4,T:H:P:NO2:CO:O3:NO:PM1:PM2.5:PM10,3839

2022-03-29T10:14:35,12.8,61.3,995.8,-0.002,0.336,-0.001,0.028,10.0,19.8,32.4,T:H:P:NO2:CO:O3:NO:PM1:PM2.5:PM10,3899

2022-03-29T10:15:35,12.8,61.2,995.9,-0.001,0.336,-0.001,0.025,10.0,19.8,32.4,T:H:P:NO2:CO:O3:NO:PM1:PM2.5:PM10,3959

2022-03-29T10:16:35,12.9,60.4,995.8,-0.001,0.336,-0.002,0.021,10.0,19.8,32.4,T:H:P:NO2:CO:O3:NO:PM1:PM2.5:PM10,4019

2022-03-29T10:17:35,12.9,60.3,995.8,-0.002,0.336,0.000,0.018,10.0,19.8,32.4,T:H:P:NO2:CO:O3:NO:PM1:PM2.5:PM10,4079

2022-03-29T10:18:35,13.0,61.1,995.8,-0.001,0.346,-0.001,0.015,10.0,19.8,32.4,T:H:P:NO2:CO:O3:NO:PM1:PM2.5:PM10,4139

2022-03-29T10:19:35,13.0,59.7,995.8,-0.003,0.354,0.000,0.012,10.0,19.8,32.4,T:H:P:NO2:CO:O3:NO:PM1:PM2.5:PM10,4199

2022-03-29T10:20:35,13.0,59.6,995.8,-0.002,0.353,-0.002,0.010,10.0,19.8,32.4,T:H:P:NO2:CO:O3:NO:PM1:PM2.5:PM10,4259

2022-03-29T10:21:35,13.1,59.4,995.8,-0.003,0.352,-0.001,0.008,9.1,17.4,28.0,T:H:P:NO2:CO:O3:NO:PM1:PM2.5:PM10,4319

2022-03-29T10:22:35,13.1,59.6,995.8,-0.003,0.352,-0.001,0.006,9.1,17.4,28.0,T:H:P:NO2:CO:O3:NO:PM1:PM2.5:PM10,4379

2022-03-29T10:23:35,13.2,58.9,995.8,-0.001,0.355,0.000,0.004,9.1,17.4,28.0,T:H:P:NO2:CO:O3:NO:PM1:PM2.5:PM10,4439

2022-03-29T10:24:35,13.3,59.0,995.8,-0.001,0.353,0.000,0.003,9.1,17.4,28.0,T:H:P:NO2:CO:O3:NO:PM1:PM2.5:PM10,4499

2022-03-29T10:25:35,13.4,57.2,995.8,-0.002,0.354,-0.001,0.001,9.1,17.4,28.0,T:H:P:NO2:CO:O3:NO:PM1:PM2.5:PM10,4559

2022-03-29T10:26:35,13.4,57.2,995.8,-0.003,0.353,-0.002,-0.000,9.1,17.4,28.0,T:H:P:NO2:CO:O3:NO:PM1:PM2.5:PM10,4619

2022-03-29T10:27:35,13.4,58.5,995.8,-0.001,0.352,-0.002,0.000,9.1,17.4,28.0,T:H:P:NO2:CO:O3:NO:PM1:PM2.5:PM10,4679

2022-03-29T10:28:35,13.5,56.8,995.8,-0.003,0.352,0.000,-0.002,9.1,17.4,28.0,T:H:P:NO2:CO:O3:NO:PM1:PM2.5:PM10,4739

2022-03-29T10:29:35,13.5,56.6,995.8,-0.002,0.354,-0.001,-0.003,9.1,17.4,28.0,T:H:P:NO2:CO:O3:NO:PM1:PM2.5:PM10,4799

2022-03-29T10:30:35,13.6,55.6,995.8,-0.003,0.358,-0.002,-0.000,9.1,17.4,28.0,T:H:P:NO2:CO:O3:NO:PM1:PM2.5:PM10,4859

2022-03-29T10:31:35,13.6,57.6,995.8,-0.001,0.356,-0.001,-0.000,12.6,22.6,37.6,T:H:P:NO2:CO:O3:NO:PM1:PM2.5:PM10,4919

2022-03-29T10:32:35,13.7,54.5,995.8,-0.001,0.359,-0.002,-0.002,12.6,22.6,37.6,T:H:P:NO2:CO:O3:NO:PM1:PM2.5:PM10,4979

2022-03-29T10:33:35,13.7,55.7,995.8,-0.003,0.360,-0.000,-0.001,12.6,22.6,37.6,T:H:P:NO2:CO:O3:NO:PM1:PM2.5:PM10,5039

2022-03-29T10:34:35,13.7,56.7,995.8,-0.000,0.358,-0.002,-0.002,12.6,22.6,37.6,T:H:P:NO2:CO:O3:NO:PM1:PM2.5:PM10,5099

2022-03-29T10:35:35,13.8,57.4,995.8,-0.003,0.358,-0.001,-0.002,12.6,22.6,37.6,T:H:P:NO2:CO:O3:NO:PM1:PM2.5:PM10,5158

2022-03-29T10:36:35,13.8,57.1,995.8,-0.001,0.357,-0.000,-0.000,12.6,22.6,37.6,T:H:P:NO2:CO:O3:NO:PM1:PM2.5:PM10,5218

2022-03-29T10:37:35,13.9,54.9,995.8,-0.001,0.359,-0.002,-0.002,12.6,22.6,37.6,T:H:P:NO2:CO:O3:NO:PM1:PM2.5:PM10,5278

2022-03-29T10:38:35,14.0,53.6,995.8,-0.000,0.359,-0.001,-0.002,12.6,22.6,37.6,T:H:P:NO2:CO:O3:NO:PM1:PM2.5:PM10,5338

2022-03-29T10:39:35,14.0,53.3,995.8,-0.003,0.358,-0.001,-0.002,12.6,22.6,37.6,T:H:P:NO2:CO:O3:NO:PM1:PM2.5:PM10,5398

2022-03-29T10:40:35,14.0,54.8,995.8,-0.001,0.358,0.000,-0.002,12.6,22.6,37.6,T:H:P:NO2:CO:O3:NO:PM1:PM2.5:PM10,5458

2022-03-29T10:41:35,14.1,53.8,995.8,-0.001,0.357,0.001,-0.002,9.2,18.4,31.5,T:H:P:NO2:CO:O3:NO:PM1:PM2.5:PM10,5518

2022-03-29T10:42:35,14.1,53.4,995.8,-0.001,0.357,-0.002,-0.002,9.2,18.4,31.5,T:H:P:NO2:CO:O3:NO:PM1:PM2.5:PM10,5578

2022-03-29T10:43:35,14.0,53.8,995.8,-0.002,0.358,-0.001,-0.002,9.2,18.4,31.5,T:H:P:NO2:CO:O3:NO:PM1:PM2.5:PM10,5638

2022-03-29T10:44:35,13.9,53.3,995.8,-0.000,0.357,-0.000,-0.003,9.2,18.4,31.5,T:H:P:NO2:CO:O3:NO:PM1:PM2.5:PM10,5698

2022-03-29T10:45:35,13.9,54.6,995.8,-0.000,0.357,0.000,-0.000,9.2,18.4,31.5,T:H:P:NO2:CO:O3:NO:PM1:PM2.5:PM10,5758

2022-03-29T10:46:35,13.9,54.0,995.7,-0.000,0.357,-0.002,-0.000,9.2,18.4,31.5,T:H:P:NO2:CO:O3:NO:PM1:PM2.5:PM10,5818

2022-03-29T10:47:35,13.9,54.6,995.7,-0.001,0.357,-0.002,-0.000,9.2,18.4,31.5,T:H:P:NO2:CO:O3:NO:PM1:PM2.5:PM10,5878

2022-03-29T10:48:35,14.0,54.0,995.7,-0.002,0.357,-0.002,-0.001,9.2,18.4,31.5,T:H:P:NO2:CO:O3:NO:PM1:PM2.5:PM10,5938

2022-03-29T10:49:35,14.1,54.8,995.7,-0.001,0.356,-0.001,-0.001,9.2,18.4,31.5,T:H:P:NO2:CO:O3:NO:PM1:PM2.5:PM10,5998

2022-03-29T10:50:35,14.1,55.1,995.7,-0.001,0.357,-0.001,-0.002,9.2,18.4,31.5,T:H:P:NO2:CO:O3:NO:PM1:PM2.5:PM10,6058

2022-03-29T10:51:35,14.1,54.1,995.7,-0.001,0.357,-0.000,-0.001,10.1,19.7,32.2,T:H:P:NO2:CO:O3:NO:PM1:PM2.5:PM10,6118

2022-03-29T10:52:35,14.1,54.8,995.7,-0.001,0.356,0.000,-0.001,10.1,19.7,32.2,T:H:P:NO2:CO:O3:NO:PM1:PM2.5:PM10,6178

2022-03-29T10:53:35,14.1,56.9,995.7,-0.002,0.355,0.000,-0.003,10.1,19.7,32.2,T:H:P:NO2:CO:O3:NO:PM1:PM2.5:PM10,6238

2022-03-29T10:54:35,14.1,57.8,995.7,-0.003,0.356,0.001,0.000,10.1,19.7,32.2,T:H:P:NO2:CO:O3:NO:PM1:PM2.5:PM10,6298

2022-03-29T10:55:35,14.1,59.3,995.6,-0.001,0.352,-0.001,-0.002,10.1,19.7,32.2,T:H:P:NO2:CO:O3:NO:PM1:PM2.5:PM10,6358

2022-03-29T10:56:35,14.2,58.8,995.6,-0.000,0.354,-0.001,-0.002,10.1,19.7,32.2,T:H:P:NO2:CO:O3:NO:PM1:PM2.5:PM10,6418

2022-03-29T10:57:35,14.3,57.4,995.6,0.000,0.353,-0.002,-0.000,10.1,19.7,32.2,T:H:P:NO2:CO:O3:NO:PM1:PM2.5:PM10,6478

2022-03-29T10:58:35,14.3,57.6,995.6,0.000,0.353,-0.002,-0.000,10.1,19.7,32.2,T:H:P:NO2:CO:O3:NO:PM1:PM2.5:PM10,6538

2022-03-29T10:59:35,14.3,57.1,995.6,-0.001,0.355,-0.001,-0.000,10.1,19.7,32.2,T:H:P:NO2:CO:O3:NO:PM1:PM2.5:PM10,6598

2022-03-29T11:00:35,14.3,57.1,995.6,-0.001,0.355,-0.001,-0.003,10.1,19.7,32.2,T:H:P:NO2:CO:O3:NO:PM1:PM2.5:PM10,6657

2022-03-29T11:01:35,14.4,57.4,995.6,-0.001,0.355,-0.001,-0.000,10.8,18.9,31.2,T:H:P:NO2:CO:O3:NO:PM1:PM2.5:PM10,6717

2022-03-29T11:02:35,14.4,57.2,995.6,-0.002,0.355,-0.001,0.000,10.8,18.9,31.2,T:H:P:NO2:CO:O3:NO:PM1:PM2.5:PM10,6777

2022-03-29T11:03:35,14.5,59.0,995.5,-0.000,0.354,0.000,-0.002,10.8,18.9,31.2,T:H:P:NO2:CO:O3:NO:PM1:PM2.5:PM10,6837

2022-03-29T11:04:35,14.4,57.8,995.6,-0.001,0.355,-0.000,-0.000,10.8,18.9,31.2,T:H:P:NO2:CO:O3:NO:PM1:PM2.5:PM10,6897

2022-03-29T11:05:35,14.4,60.1,995.5,-0.003,0.355,0.000,-0.002,10.8,18.9,31.2,T:H:P:NO2:CO:O3:NO:PM1:PM2.5:PM10,6957

2022-03-29T11:06:35,14.5,56.2,995.5,-0.002,0.357,-0.001,0.000,10.8,18.9,31.2,T:H:P:NO2:CO:O3:NO:PM1:PM2.5:PM10,7017

2022-03-29T11:07:35,14.6,53.9,995.5,-0.001,0.358,-0.001,-0.001,10.8,18.9,31.2,T:H:P:NO2:CO:O3:NO:PM1:PM2.5:PM10,7077

2022-03-29T11:08:35,14.7,52.3,995.5,-0.000,0.360,-0.001,-0.001,10.8,18.9,31.2,T:H:P:NO2:CO:O3:NO:PM1:PM2.5:PM10,7137

2022-03-29T11:09:35,14.7,51.5,995.5,0.001,0.361,-0.001,-0.001,10.8,18.9,31.2,T:H:P:NO2:CO:O3:NO:PM1:PM2.5:PM10,7197

2022-03-29T11:10:35,14.7,52.4,995.5,0.002,0.362,-0.002,-0.001,10.8,18.9,31.2,T:H:P:NO2:CO:O3:NO:PM1:PM2.5:PM10,7257

2022-03-29T11:11:35,14.6,53.2,995.5,0.003,0.359,-0.001,-0.001,10.1,19.7,31.3,T:H:P:NO2:CO:O3:NO:PM1:PM2.5:PM10,7317

2022-03-29T11:12:35,14.6,54.1,995.5,0.004,0.359,-0.002,-0.000,10.1,19.7,31.3,T:H:P:NO2:CO:O3:NO:PM1:PM2.5:PM10,7377

2022-03-29T11:13:35,14.7,53.5,995.5,0.005,0.359,-0.000,0.000,10.1,19.7,31.3,T:H:P:NO2:CO:O3:NO:PM1:PM2.5:PM10,7437

2022-03-29T11:14:35,14.7,51.4,995.5,0.006,0.359,-0.001,-0.000,10.1,19.7,31.3,T:H:P:NO2:CO:O3:NO:PM1:PM2.5:PM10,7497

2022-03-29T11:15:35,14.7,54.4,995.5,0.006,0.356,0.001,-0.003,10.1,19.7,31.3,T:H:P:NO2:CO:O3:NO:PM1:PM2.5:PM10,7557

2022-03-29T11:16:35,14.7,52.9,995.5,0.007,0.357,-0.002,-0.002,10.1,19.7,31.3,T:H:P:NO2:CO:O3:NO:PM1:PM2.5:PM10,7617

2022-03-29T11:17:35,14.7,53.4,995.5,0.009,0.355,-0.000,-0.002,10.1,19.7,31.3,T:H:P:NO2:CO:O3:NO:PM1:PM2.5:PM10,7677

2022-03-29T11:18:35,14.8,53.2,995.5,0.010,0.356,-0.001,-0.002,10.1,19.7,31.3,T:H:P:NO2:CO:O3:NO:PM1:PM2.5:PM10,7737

2022-03-29T11:19:35,14.9,53.8,995.5,0.011,0.355,0.000,-0.002,10.1,19.7,31.3,T:H:P:NO2:CO:O3:NO:PM1:PM2.5:PM10,7797

2022-03-29T11:20:35,15.0,53.7,995.5,0.012,0.355,0.000,-0.001,10.1,19.7,31.3,T:H:P:NO2:CO:O3:NO:PM1:PM2.5:PM10,7856

2022-03-29T11:21:35,15.1,54.4,995.4,0.013,0.356,-0.001,-0.001,10.5,18.6,29.8,T:H:P:NO2:CO:O3:NO:PM1:PM2.5:PM10,7916

2022-03-29T11:22:35,15.2,52.2,995.4,0.014,0.358,-0.001,-0.001,10.5,18.6,29.8,T:H:P:NO2:CO:O3:NO:PM1:PM2.5:PM10,7976

2022-03-29T11:23:35,15.1,53.7,995.4,0.015,0.355,-0.002,-0.001,10.5,18.6,29.8,T:H:P:NO2:CO:O3:NO:PM1:PM2.5:PM10,8036

2022-03-29T11:24:35,15.1,53.5,995.4,0.016,0.357,0.001,-0.001,10.5,18.6,29.8,T:H:P:NO2:CO:O3:NO:PM1:PM2.5:PM10,8096

2022-03-29T11:25:35,15.2,53.3,995.4,0.018,0.361,0.000,-0.001,10.5,18.6,29.8,T:H:P:NO2:CO:O3:NO:PM1:PM2.5:PM10,8156

2022-03-29T11:26:35,15.2,54.5,995.4,0.019,0.363,-0.001,-0.000,10.5,18.6,29.8,T:H:P:NO2:CO:O3:NO:PM1:PM2.5:PM10,8216

2022-03-29T11:27:35,15.3,52.2,995.4,0.019,0.366,-0.001,-0.000,10.5,18.6,29.8,T:H:P:NO2:CO:O3:NO:PM1:PM2.5:PM10,8276

2022-03-29T11:28:35,15.3,55.5,995.4,0.020,0.367,-0.002,-0.002,10.5,18.6,29.8,T:H:P:NO2:CO:O3:NO:PM1:PM2.5:PM10,8336

2022-03-29T11:29:35,15.3,54.9,995.4,0.021,0.374,-0.001,-0.002,10.5,18.6,29.8,T:H:P:NO2:CO:O3:NO:PM1:PM2.5:PM10,8396

2022-03-29T11:30:35,15.4,52.1,995.4,0.020,0.377,-0.002,-0.002,10.5,18.6,29.8,T:H:P:NO2:CO:O3:NO:PM1:PM2.5:PM10,8456

2022-03-29T11:31:35,15.5,52.7,995.4,0.021,0.377,-0.001,-0.002,12.0,21.0,33.3,T:H:P:NO2:CO:O3:NO:PM1:PM2.5:PM10,8516

2022-03-29T11:32:35,15.5,52.1,995.4,0.021,0.375,-0.001,-0.001,12.0,21.0,33.3,T:H:P:NO2:CO:O3:NO:PM1:PM2.5:PM10,8576

2022-03-29T11:33:35,15.5,51.5,995.4,0.021,0.375,0.000,-0.001,12.0,21.0,33.3,T:H:P:NO2:CO:O3:NO:PM1:PM2.5:PM10,8636

2022-03-29T11:34:35,15.5,52.7,995.4,0.021,0.375,0.000,-0.001,12.0,21.0,33.3,T:H:P:NO2:CO:O3:NO:PM1:PM2.5:PM10,8696

2022-03-29T11:35:35,15.6,51.7,995.4,0.021,0.374,0.000,-0.001,12.0,21.0,33.3,T:H:P:NO2:CO:O3:NO:PM1:PM2.5:PM10,8756

2022-03-29T11:36:35,15.7,52.1,995.4,0.022,0.375,0.001,0.000,12.0,21.0,33.3,T:H:P:NO2:CO:O3:NO:PM1:PM2.5:PM10,8816

2022-03-29T11:37:35,15.7,51.6,995.4,0.022,0.376,-0.002,-0.003,12.0,21.0,33.3,T:H:P:NO2:CO:O3:NO:PM1:PM2.5:PM10,8876

2022-03-29T11:38:35,15.7,54.1,995.4,0.022,0.375,-0.001,-0.002,12.0,21.0,33.3,T:H:P:NO2:CO:O3:NO:PM1:PM2.5:PM10,8936

2022-03-29T11:39:35,15.8,52.3,995.4,0.023,0.378,-0.002,-0.002,12.0,21.0,33.3,T:H:P:NO2:CO:O3:NO:PM1:PM2.5:PM10,8996

2022-03-29T11:40:35,15.8,50.8,995.4,0.026,0.379,-0.002,-0.000,12.0,21.0,33.3,T:H:P:NO2:CO:O3:NO:PM1:PM2.5:PM10,9056

2022-03-29T11:41:35,15.8,52.8,995.4,0.023,0.379,-0.002,-0.002,11.6,20.1,33.9,T:H:P:NO2:CO:O3:NO:PM1:PM2.5:PM10,9116

2022-03-29T11:42:35,15.9,52.4,995.4,0.023,0.379,-0.001,-0.002,11.6,20.1,33.9,T:H:P:NO2:CO:O3:NO:PM1:PM2.5:PM10,9176

2022-03-29T11:43:35,15.9,52.9,995.4,0.023,0.378,-0.001,-0.001,11.6,20.1,33.9,T:H:P:NO2:CO:O3:NO:PM1:PM2.5:PM10,9236

2022-03-29T11:44:35,16.0,51.0,995.4,0.023,0.377,-0.000,-0.001,11.6,20.1,33.9,T:H:P:NO2:CO:O3:NO:PM1:PM2.5:PM10,9296

2022-03-29T11:45:35,16.1,51.1,995.4,0.023,0.377,0.000,-0.001,11.6,20.1,33.9,T:H:P:NO2:CO:O3:NO:PM1:PM2.5:PM10,9355

2022-03-29T11:46:35,16.1,49.7,995.4,0.025,0.379,-0.002,-0.002,11.6,20.1,33.9,T:H:P:NO2:CO:O3:NO:PM1:PM2.5:PM10,9415

2022-03-29T11:47:35,16.1,50.3,995.4,0.025,0.378,-0.002,-0.002,11.6,20.1,33.9,T:H:P:NO2:CO:O3:NO:PM1:PM2.5:PM10,9475

2022-03-29T11:48:35,16.1,50.1,995.4,0.025,0.377,-0.001,-0.001,11.6,20.1,33.9,T:H:P:NO2:CO:O3:NO:PM1:PM2.5:PM10,9535

2022-03-29T11:49:35,16.1,50.7,995.4,0.025,0.379,-0.001,-0.001,11.6,20.1,33.9,T:H:P:NO2:CO:O3:NO:PM1:PM2.5:PM10,9595

2022-03-29T11:50:35,16.0,49.8,995.4,0.025,0.379,0.000,-0.002,11.6,20.1,33.9,T:H:P:NO2:CO:O3:NO:PM1:PM2.5:PM10,9655

2022-03-29T11:51:35,16.0,51.9,995.3,0.023,0.377,-0.001,-0.001,8.7,16.2,28.9,T:H:P:NO2:CO:O3:NO:PM1:PM2.5:PM10,9715

2022-03-29T11:52:35,16.0,51.1,995.3,0.023,0.377,0.000,-0.001,8.7,16.2,28.9,T:H:P:NO2:CO:O3:NO:PM1:PM2.5:PM10,9775

2022-03-29T11:53:35,16.0,50.2,995.3,0.025,0.377,-0.000,-0.001,8.7,16.2,28.9,T:H:P:NO2:CO:O3:NO:PM1:PM2.5:PM10,9835

2022-03-29T11:54:35,16.0,49.3,995.3,0.025,0.377,-0.002,-0.001,8.7,16.2,28.9,T:H:P:NO2:CO:O3:NO:PM1:PM2.5:PM10,9895

2022-03-29T11:55:35,16.0,50.9,995.3,0.024,0.374,-0.002,-0.000,8.7,16.2,28.9,T:H:P:NO2:CO:O3:NO:PM1:PM2.5:PM10,9955

2022-03-29T11:56:35,16.0,50.8,995.3,0.025,0.372,-0.002,0.000,8.7,16.2,28.9,T:H:P:NO2:CO:O3:NO:PM1:PM2.5:PM10,10015

2022-03-29T11:57:35,16.0,50.8,995.3,0.025,0.390,-0.002,0.000,8.7,16.2,28.9,T:H:P:NO2:CO:O3:NO:PM1:PM2.5:PM10,10075

2022-03-29T11:58:35,16.1,50.0,995.3,0.025,0.406,-0.002,0.000,8.7,16.2,28.9,T:H:P:NO2:CO:O3:NO:PM1:PM2.5:PM10,10135

2022-03-29T11:59:35,16.2,50.2,995.3,0.025,0.408,-0.002,0.000,8.7,16.2,28.9,T:H:P:NO2:CO:O3:NO:PM1:PM2.5:PM10,10195

2022-03-29T12:00:35,16.3,50.0,995.3,0.025,0.406,0.001,0.001,8.7,16.2,28.9,T:H:P:NO2:CO:O3:NO:PM1:PM2.5:PM10,10255

2022-03-29T12:01:35,16.3,51.1,995.2,0.023,0.403,0.001,0.002,12.1,21.0,44.2,T:H:P:NO2:CO:O3:NO:PM1:PM2.5:PM10,10315

2022-03-29T12:02:35,16.3,50.3,995.3,0.026,0.400,-0.001,0.001,12.1,21.0,44.2,T:H:P:NO2:CO:O3:NO:PM1:PM2.5:PM10,10375

2022-03-29T12:03:35,16.4,50.5,995.2,0.026,0.397,0.000,0.001,12.1,21.0,44.2,T:H:P:NO2:CO:O3:NO:PM1:PM2.5:PM10,10435

2022-03-29T12:04:35,16.4,49.2,995.2,0.026,0.395,0.000,0.002,12.1,21.0,44.2,T:H:P:NO2:CO:O3:NO:PM1:PM2.5:PM10,10495

2022-03-29T12:05:35,16.4,47.1,995.2,0.025,0.391,-0.002,0.001,12.1,21.0,44.2,T:H:P:NO2:CO:O3:NO:PM1:PM2.5:PM10,10554

2022-03-29T12:06:35,16.3,47.8,995.2,0.026,0.387,-0.001,0.001,12.1,21.0,44.2,T:H:P:NO2:CO:O3:NO:PM1:PM2.5:PM10,10614

2022-03-29T12:07:35,16.2,49.6,995.2,0.026,0.385,-0.001,0.002,12.1,21.0,44.2,T:H:P:NO2:CO:O3:NO:PM1:PM2.5:PM10,10674

2022-03-29T12:08:35,16.2,49.2,995.2,0.027,0.382,-0.002,0.002,12.1,21.0,44.2,T:H:P:NO2:CO:O3:NO:PM1:PM2.5:PM10,10734

2022-03-29T12:09:35,16.3,49.8,995.2,0.027,0.379,-0.000,0.002,12.1,21.0,44.2,T:H:P:NO2:CO:O3:NO:PM1:PM2.5:PM10,10794

2022-03-29T12:10:35,16.4,50.0,995.2,0.027,0.375,0.000,0.002,12.1,21.0,44.2,T:H:P:NO2:CO:O3:NO:PM1:PM2.5:PM10,10854

2022-03-29T12:11:35,16.4,49.0,995.2,0.027,0.374,0.000,0.002,8.2,20.8,159.5,T:H:P:NO2:CO:O3:NO:PM1:PM2.5:PM10,10914

2022-03-29T12:12:35,16.5,48.9,995.1,0.028,0.372,0.000,0.002,8.2,20.8,159.5,T:H:P:NO2:CO:O3:NO:PM1:PM2.5:PM10,10974

2022-03-29T12:13:35,16.5,48.2,995.1,0.029,0.370,-0.001,0.002,8.2,20.8,159.5,T:H:P:NO2:CO:O3:NO:PM1:PM2.5:PM10,11034

2022-03-29T12:14:35,16.5,48.4,995.1,0.029,0.368,-0.001,0.002,8.2,20.8,159.5,T:H:P:NO2:CO:O3:NO:PM1:PM2.5:PM10,11094

2022-03-29T12:15:35,16.5,48.2,995.1,0.030,0.366,-0.001,0.002,8.2,20.8,159.5,T:H:P:NO2:CO:O3:NO:PM1:PM2.5:PM10,11154

2022-03-29T12:16:35,16.6,49.3,995.1,0.030,0.364,-0.002,0.003,8.2,20.8,159.5,T:H:P:NO2:CO:O3:NO:PM1:PM2.5:PM10,11214

2022-03-29T12:17:35,16.6,48.2,995.1,0.031,0.362,-0.001,0.003,8.2,20.8,159.5,T:H:P:NO2:CO:O3:NO:PM1:PM2.5:PM10,11274

2022-03-29T12:18:35,16.6,48.8,995.1,0.031,0.361,-0.002,0.003,8.2,20.8,159.5,T:H:P:NO2:CO:O3:NO:PM1:PM2.5:PM10,11334

2022-03-29T12:19:35,16.6,47.8,995.1,0.032,0.360,-0.002,0.001,8.2,20.8,159.5,T:H:P:NO2:CO:O3:NO:PM1:PM2.5:PM10,11394

2022-03-29T12:20:35,16.6,48.6,995.1,0.032,0.359,0.000,0.002,8.2,20.8,159.5,T:H:P:NO2:CO:O3:NO:PM1:PM2.5:PM10,11454

2022-03-29T12:21:35,16.6,47.9,995.1,0.032,0.359,-0.000,0.001,9.7,17.3,31.4,T:H:P:NO2:CO:O3:NO:PM1:PM2.5:PM10,11514

2022-03-29T12:22:35,16.6,47.4,995.1,0.033,0.356,-0.001,0.001,9.7,17.3,31.4,T:H:P:NO2:CO:O3:NO:PM1:PM2.5:PM10,11574

2022-03-29T12:23:35,16.6,47.4,995.1,0.033,0.356,-0.000,0.001,9.7,17.3,31.4,T:H:P:NO2:CO:O3:NO:PM1:PM2.5:PM10,11634

2022-03-29T12:24:35,16.7,47.3,995.1,0.035,0.357,0.000,0.001,9.7,17.3,31.4,T:H:P:NO2:CO:O3:NO:PM1:PM2.5:PM10,11694

2022-03-29T12:25:35,16.8,50.9,995.1,0.036,0.357,-0.002,0.002,9.7,17.3,31.4,T:H:P:NO2:CO:O3:NO:PM1:PM2.5:PM10,11754

2022-03-29T12:26:35,16.8,49.3,995.1,0.037,0.360,-0.000,0.003,9.7,17.3,31.4,T:H:P:NO2:CO:O3:NO:PM1:PM2.5:PM10,11814

2022-03-29T12:27:35,16.8,48.1,995.1,0.037,0.361,-0.000,0.003,9.7,17.3,31.4,T:H:P:NO2:CO:O3:NO:PM1:PM2.5:PM10,11874

2022-03-29T12:28:35,16.8,48.9,995.1,0.037,0.360,0.000,0.003,9.7,17.3,31.4,T:H:P:NO2:CO:O3:NO:PM1:PM2.5:PM10,11934

2022-03-29T12:29:35,16.8,49.1,995.1,0.037,0.360,0.000,0.003,9.7,17.3,31.4,T:H:P:NO2:CO:O3:NO:PM1:PM2.5:PM10,11994

2022-03-29T12:30:35,16.8,48.9,995.1,0.037,0.361,0.000,0.003,9.7,17.3,31.4,T:H:P:NO2:CO:O3:NO:PM1:PM2.5:PM10,12053

2022-03-29T12:31:35,16.8,48.6,995.1,0.037,0.360,-0.002,0.002,10.0,17.2,29.3,T:H:P:NO2:CO:O3:NO:PM1:PM2.5:PM10,12113

2022-03-29T12:32:35,16.8,50.3,995.1,0.037,0.358,0.000,0.003,10.0,17.2,29.3,T:H:P:NO2:CO:O3:NO:PM1:PM2.5:PM10,12173

2022-03-29T12:33:35,16.8,47.5,995.1,0.036,0.361,-0.002,0.002,10.0,17.2,29.3,T:H:P:NO2:CO:O3:NO:PM1:PM2.5:PM10,12233

2022-03-29T12:34:35,16.7,47.3,995.1,0.036,0.359,-0.001,0.002,10.0,17.2,29.3,T:H:P:NO2:CO:O3:NO:PM1:PM2.5:PM10,12293

2022-03-29T12:35:35,16.7,46.7,995.1,0.035,0.358,-0.001,0.002,10.0,17.2,29.3,T:H:P:NO2:CO:O3:NO:PM1:PM2.5:PM10,12353

2022-03-29T12:36:35,16.5,46.7,995.1,0.035,0.356,0.000,0.002,10.0,17.2,29.3,T:H:P:NO2:CO:O3:NO:PM1:PM2.5:PM10,12413

2022-03-29T12:37:35,16.3,47.8,995.1,0.036,0.350,-0.002,0.002,10.0,17.2,29.3,T:H:P:NO2:CO:O3:NO:PM1:PM2.5:PM10,12473

2022-03-29T12:38:35,16.3,48.8,995.1,0.036,0.348,0.000,0.004,10.0,17.2,29.3,T:H:P:NO2:CO:O3:NO:PM1:PM2.5:PM10,12533

2022-03-29T12:39:35,16.3,48.5,995.1,0.036,0.344,0.000,0.004,10.0,17.2,29.3,T:H:P:NO2:CO:O3:NO:PM1:PM2.5:PM10,12593

2022-03-29T12:40:35,16.3,47.1,995.1,0.036,0.340,0.000,0.002,10.0,17.2,29.3,T:H:P:NO2:CO:O3:NO:PM1:PM2.5:PM10,12653

2022-03-29T12:41:35,16.4,48.8,995.1,0.036,0.339,0.000,0.004,10.8,21.5,114.7,T:H:P:NO2:CO:O3:NO:PM1:PM2.5:PM10,12713

2022-03-29T12:42:35,16.4,47.6,995.1,0.036,0.336,0.000,0.003,10.8,21.5,114.7,T:H:P:NO2:CO:O3:NO:PM1:PM2.5:PM10,12773

2022-03-29T12:43:35,16.4,47.2,995.1,0.036,0.336,-0.000,0.003,10.8,21.5,114.7,T:H:P:NO2:CO:O3:NO:PM1:PM2.5:PM10,12833

2022-03-29T12:44:35,16.2,47.0,995.0,0.037,0.334,-0.001,0.003,10.8,21.5,114.7,T:H:P:NO2:CO:O3:NO:PM1:PM2.5:PM10,12893

2022-03-29T12:45:35,16.2,48.9,995.0,0.038,0.332,-0.001,0.004,10.8,21.5,114.7,T:H:P:NO2:CO:O3:NO:PM1:PM2.5:PM10,12953

2022-03-29T12:46:35,16.2,48.3,995.0,0.039,0.330,0.001,0.004,10.8,21.5,114.7,T:H:P:NO2:CO:O3:NO:PM1:PM2.5:PM10,13013

2022-03-29T12:47:35,16.2,49.6,995.0,0.039,0.328,0.000,0.004,10.8,21.5,114.7,T:H:P:NO2:CO:O3:NO:PM1:PM2.5:PM10,13073

2022-03-29T12:48:35,16.2,47.8,995.0,0.040,0.324,-0.001,0.002,10.8,21.5,114.7,T:H:P:NO2:CO:O3:NO:PM1:PM2.5:PM10,13133

2022-03-29T12:49:35,16.2,48.3,994.9,0.041,0.322,-0.002,0.004,10.8,21.5,114.7,T:H:P:NO2:CO:O3:NO:PM1:PM2.5:PM10,13193

2022-03-29T12:50:35,16.2,47.5,994.9,0.042,0.319,-0.002,0.003,10.8,21.5,114.7,T:H:P:NO2:CO:O3:NO:PM1:PM2.5:PM10,13252

2022-03-29T12:51:35,16.1,48.4,994.8,0.043,0.318,-0.001,0.004,9.9,17.4,28.3,T:H:P:NO2:CO:O3:NO:PM1:PM2.5:PM10,13312

2022-03-29T12:52:35,16.1,49.2,994.8,0.044,0.315,-0.001,0.004,9.9,17.4,28.3,T:H:P:NO2:CO:O3:NO:PM1:PM2.5:PM10,13372

2022-03-29T12:53:35,16.1,47.5,994.9,0.045,0.312,-0.000,0.003,9.9,17.4,28.3,T:H:P:NO2:CO:O3:NO:PM1:PM2.5:PM10,13432

2022-03-29T12:54:35,16.1,47.7,994.9,0.046,0.310,-0.002,0.003,9.9,17.4,28.3,T:H:P:NO2:CO:O3:NO:PM1:PM2.5:PM10,13492

2022-03-29T12:55:35,16.1,51.3,994.9,0.045,0.306,0.000,0.005,9.9,17.4,28.3,T:H:P:NO2:CO:O3:NO:PM1:PM2.5:PM10,13552

2022-03-29T12:56:35,16.2,49.0,994.9,0.049,0.308,-0.001,0.003,9.9,17.4,28.3,T:H:P:NO2:CO:O3:NO:PM1:PM2.5:PM10,13612

2022-03-29T12:57:35,16.3,48.6,994.9,0.050,0.307,-0.001,0.003,9.9,17.4,28.3,T:H:P:NO2:CO:O3:NO:PM1:PM2.5:PM10,13672

2022-03-29T12:58:35,16.3,47.8,994.9,0.051,0.307,0.000,0.002,9.9,17.4,28.3,T:H:P:NO2:CO:O3:NO:PM1:PM2.5:PM10,13732

2022-03-29T12:59:35,16.3,47.3,994.9,0.053,0.307,0.000,0.001,9.9,17.4,28.3,T:H:P:NO2:CO:O3:NO:PM1:PM2.5:PM10,13792

2022-03-29T13:00:35,16.3,47.4,994.8,0.054,0.306,-0.002,0.001,9.9,17.4,28.3,T:H:P:NO2:CO:O3:NO:PM1:PM2.5:PM10,13852

2022-03-29T13:01:35,16.4,48.5,994.8,0.055,0.306,-0.001,0.003,9.8,17.3,29.0,T:H:P:NO2:CO:O3:NO:PM1:PM2.5:PM10,13912

2022-03-29T13:02:35,16.4,47.9,994.8,0.056,0.306,-0.001,0.001,9.8,17.3,29.0,T:H:P:NO2:CO:O3:NO:PM1:PM2.5:PM10,13972

2022-03-29T13:03:35,16.5,48.5,994.8,0.057,0.305,-0.001,0.002,9.8,17.3,29.0,T:H:P:NO2:CO:O3:NO:PM1:PM2.5:PM10,14032

2022-03-29T13:04:35,16.5,47.7,994.8,0.058,0.305,-0.002,0.001,9.8,17.3,29.0,T:H:P:NO2:CO:O3:NO:PM1:PM2.5:PM10,14092

2022-03-29T13:05:35,16.5,49.0,994.8,0.059,0.305,-0.002,0.002,9.8,17.3,29.0,T:H:P:NO2:CO:O3:NO:PM1:PM2.5:PM10,14152

2022-03-29T13:06:35,16.5,47.7,994.8,0.060,0.304,-0.002,0.001,9.8,17.3,29.0,T:H:P:NO2:CO:O3:NO:PM1:PM2.5:PM10,14212

2022-03-29T13:07:35,16.4,48.9,994.8,0.061,0.303,-0.002,0.002,9.8,17.3,29.0,T:H:P:NO2:CO:O3:NO:PM1:PM2.5:PM10,14272

2022-03-29T13:08:35,16.4,49.3,994.8,0.061,0.303,-0.002,0.002,9.8,17.3,29.0,T:H:P:NO2:CO:O3:NO:PM1:PM2.5:PM10,14332

2022-03-29T13:09:35,16.4,48.8,994.8,0.062,0.302,-0.002,0.003,9.8,17.3,29.0,T:H:P:NO2:CO:O3:NO:PM1:PM2.5:PM10,14392

2022-03-29T13:10:35,16.4,48.6,994.8,0.063,0.303,0.001,0.002,9.8,17.3,29.0,T:H:P:NO2:CO:O3:NO:PM1:PM2.5:PM10,14452

2022-03-29T13:11:35,16.4,48.1,994.8,0.064,0.301,-0.000,0.002,9.1,16.9,31.8,T:H:P:NO2:CO:O3:NO:PM1:PM2.5:PM10,14512

2022-03-29T13:12:35,16.5,48.6,994.8,0.064,0.302,-0.001,0.003,9.1,16.9,31.8,T:H:P:NO2:CO:O3:NO:PM1:PM2.5:PM10,14572

2022-03-29T13:13:35,16.6,47.3,994.8,0.065,0.303,-0.001,0.001,9.1,16.9,31.8,T:H:P:NO2:CO:O3:NO:PM1:PM2.5:PM10,14632

2022-03-29T13:14:35,16.6,48.2,994.8,0.066,0.302,-0.001,0.003,9.1,16.9,31.8,T:H:P:NO2:CO:O3:NO:PM1:PM2.5:PM10,14692

2022-03-29T13:15:35,16.6,48.1,994.8,0.067,0.304,-0.001,0.002,9.1,16.9,31.8,T:H:P:NO2:CO:O3:NO:PM1:PM2.5:PM10,14751

2022-03-29T13:16:35,16.5,48.4,994.8,0.067,0.305,-0.001,0.002,9.1,16.9,31.8,T:H:P:NO2:CO:O3:NO:PM1:PM2.5:PM10,14811

2022-03-29T13:17:35,16.5,47.7,994.7,0.067,0.306,-0.001,0.001,9.1,16.9,31.8,T:H:P:NO2:CO:O3:NO:PM1:PM2.5:PM10,14871

2022-03-29T13:18:35,16.5,48.0,994.7,0.067,0.307,-0.001,0.002,9.1,16.9,31.8,T:H:P:NO2:CO:O3:NO:PM1:PM2.5:PM10,14931

2022-03-29T13:19:35,16.4,48.1,994.7,0.068,0.307,-0.000,0.002,9.1,16.9,31.8,T:H:P:NO2:CO:O3:NO:PM1:PM2.5:PM10,14991

2022-03-29T13:20:35,16.4,48.0,994.7,0.068,0.307,-0.001,0.002,9.1,16.9,31.8,T:H:P:NO2:CO:O3:NO:PM1:PM2.5:PM10,15051

2022-03-29T13:21:35,16.4,48.7,994.7,0.069,0.305,-0.001,0.001,9.7,16.8,31.9,T:H:P:NO2:CO:O3:NO:PM1:PM2.5:PM10,15111

2022-03-29T13:22:35,16.4,48.7,994.8,0.070,0.304,-0.002,0.001,9.7,16.8,31.9,T:H:P:NO2:CO:O3:NO:PM1:PM2.5:PM10,15171

2022-03-29T13:23:35,16.5,47.9,994.7,0.070,0.303,-0.002,0.000,9.7,16.8,31.9,T:H:P:NO2:CO:O3:NO:PM1:PM2.5:PM10,15231

2022-03-29T13:24:35,16.5,47.9,994.7,0.070,0.303,-0.002,0.000,9.7,16.8,31.9,T:H:P:NO2:CO:O3:NO:PM1:PM2.5:PM10,15291

2022-03-29T13:25:35,16.5,48.4,994.7,0.070,0.303,-0.001,0.002,9.7,16.8,31.9,T:H:P:NO2:CO:O3:NO:PM1:PM2.5:PM10,15351

2022-03-29T13:26:35,16.5,48.6,994.7,0.070,0.303,-0.001,0.002,9.7,16.8,31.9,T:H:P:NO2:CO:O3:NO:PM1:PM2.5:PM10,15411

2022-03-29T13:27:35,16.5,48.4,994.7,0.070,0.304,-0.001,0.002,9.7,16.8,31.9,T:H:P:NO2:CO:O3:NO:PM1:PM2.5:PM10,15471

2022-03-29T13:28:35,16.5,48.1,994.7,0.071,0.304,-0.002,0.002,9.7,16.8,31.9,T:H:P:NO2:CO:O3:NO:PM1:PM2.5:PM10,15531

2022-03-29T13:29:35,16.6,47.2,994.7,0.071,0.303,-0.002,0.001,9.7,16.8,31.9,T:H:P:NO2:CO:O3:NO:PM1:PM2.5:PM10,15591

2022-03-29T13:30:35,16.6,47.3,994.7,0.071,0.304,-0.001,0.001,9.7,16.8,31.9,T:H:P:NO2:CO:O3:NO:PM1:PM2.5:PM10,15651

2022-03-29T13:31:35,16.6,47.5,994.7,0.072,0.303,-0.002,0.001,10.8,18.6,32.0,T:H:P:NO2:CO:O3:NO:PM1:PM2.5:PM10,15711

2022-03-29T13:32:35,16.6,47.0,994.6,0.072,0.304,0.001,0.001,10.8,18.6,32.0,T:H:P:NO2:CO:O3:NO:PM1:PM2.5:PM10,15771

2022-03-29T13:33:35,16.6,46.8,994.6,0.072,0.306,-0.002,0.002,10.8,18.6,32.0,T:H:P:NO2:CO:O3:NO:PM1:PM2.5:PM10,15831

2022-03-29T13:34:35,16.6,47.4,994.5,0.072,0.305,0.001,0.002,10.8,18.6,32.0,T:H:P:NO2:CO:O3:NO:PM1:PM2.5:PM10,15891

2022-03-29T13:35:35,16.5,48.0,994.5,0.073,0.305,0.000,0.003,10.8,18.6,32.0,T:H:P:NO2:CO:O3:NO:PM1:PM2.5:PM10,15951

2022-03-29T13:36:35,16.6,49.3,994.5,0.073,0.303,-0.001,0.003,10.8,18.6,32.0,T:H:P:NO2:CO:O3:NO:PM1:PM2.5:PM10,16011

2022-03-29T13:37:35,16.6,47.8,994.5,0.073,0.302,-0.001,0.002,10.8,18.6,32.0,T:H:P:NO2:CO:O3:NO:PM1:PM2.5:PM10,16071

2022-03-29T13:38:35,16.6,47.7,994.5,0.074,0.301,-0.001,0.002,10.8,18.6,32.0,T:H:P:NO2:CO:O3:NO:PM1:PM2.5:PM10,16131

2022-03-29T13:39:35,16.5,48.5,994.5,0.074,0.300,-0.001,0.003,10.8,18.6,32.0,T:H:P:NO2:CO:O3:NO:PM1:PM2.5:PM10,16191

2022-03-29T13:40:35,16.5,49.4,994.4,0.075,0.299,-0.002,0.003,10.8,18.6,32.0,T:H:P:NO2:CO:O3:NO:PM1:PM2.5:PM10,16250

2022-03-29T13:41:35,16.5,49.7,994.4,0.075,0.299,-0.002,0.003,11.0,19.3,35.9,T:H:P:NO2:CO:O3:NO:PM1:PM2.5:PM10,16310

2022-03-29T13:42:35,16.4,48.9,994.4,0.076,0.299,0.001,0.003,11.0,19.3,35.9,T:H:P:NO2:CO:O3:NO:PM1:PM2.5:PM10,16370

2022-03-29T13:43:35,16.3,49.9,994.4,0.076,0.300,0.000,0.003,11.0,19.3,35.9,T:H:P:NO2:CO:O3:NO:PM1:PM2.5:PM10,16430

2022-03-29T13:44:35,16.2,48.5,994.3,0.076,0.299,0.000,0.003,11.0,19.3,35.9,T:H:P:NO2:CO:O3:NO:PM1:PM2.5:PM10,16490

2022-03-29T13:45:35,16.1,49.4,994.3,0.077,0.298,0.000,0.003,11.0,19.3,35.9,T:H:P:NO2:CO:O3:NO:PM1:PM2.5:PM10,16550

2022-03-29T13:46:35,16.1,49.8,994.3,0.078,0.296,-0.001,0.003,11.0,19.3,35.9,T:H:P:NO2:CO:O3:NO:PM1:PM2.5:PM10,16610

2022-03-29T13:47:35,16.1,49.1,994.3,0.078,0.295,-0.001,0.003,11.0,19.3,35.9,T:H:P:NO2:CO:O3:NO:PM1:PM2.5:PM10,16670

2022-03-29T13:48:35,16.1,50.4,994.2,0.079,0.293,-0.001,0.003,11.0,19.3,35.9,T:H:P:NO2:CO:O3:NO:PM1:PM2.5:PM10,16730

2022-03-29T13:49:35,16.1,50.0,994.2,0.080,0.293,-0.002,0.003,11.0,19.3,35.9,T:H:P:NO2:CO:O3:NO:PM1:PM2.5:PM10,16790

2022-03-29T13:50:35,16.0,50.7,994.1,0.081,0.292,0.000,0.003,11.0,19.3,35.9,T:H:P:NO2:CO:O3:NO:PM1:PM2.5:PM10,16850

2022-03-29T13:51:35,16.0,51.7,994.1,0.080,0.290,-0.001,0.004,11.4,20.5,37.9,T:H:P:NO2:CO:O3:NO:PM1:PM2.5:PM10,16910

2022-03-29T13:52:35,15.9,51.4,994.1,0.080,0.288,-0.001,0.004,11.4,20.5,37.9,T:H:P:NO2:CO:O3:NO:PM1:PM2.5:PM10,16970

2022-03-29T13:53:35,15.9,51.4,994.1,0.081,0.287,-0.002,0.004,11.4,20.5,37.9,T:H:P:NO2:CO:O3:NO:PM1:PM2.5:PM10,17030

2022-03-29T13:54:35,15.8,51.1,994.0,0.082,0.286,-0.002,0.003,11.4,20.5,37.9,T:H:P:NO2:CO:O3:NO:PM1:PM2.5:PM10,17090

2022-03-29T13:55:35,15.8,51.1,994.0,0.082,0.285,-0.001,0.003,11.4,20.5,37.9,T:H:P:NO2:CO:O3:NO:PM1:PM2.5:PM10,17150

2022-03-29T13:56:35,15.8,51.5,993.9,0.083,0.283,-0.001,0.003,11.4,20.5,37.9,T:H:P:NO2:CO:O3:NO:PM1:PM2.5:PM10,17210

2022-03-29T13:57:35,15.7,51.7,993.9,0.084,0.280,-0.002,0.002,11.4,20.5,37.9,T:H:P:NO2:CO:O3:NO:PM1:PM2.5:PM10,17270

2022-03-29T13:58:35,15.7,52.1,993.9,0.084,0.280,0.000,0.002,11.4,20.5,37.9,T:H:P:NO2:CO:O3:NO:PM1:PM2.5:PM10,17330

2022-03-29T13:59:35,15.6,52.0,993.8,0.085,0.277,-0.000,0.002,11.4,20.5,37.9,T:H:P:NO2:CO:O3:NO:PM1:PM2.5:PM10,17390

2022-03-29T14:00:35,15.6,52.6,993.8,0.087,0.274,-0.002,0.001,11.4,20.5,37.9,T:H:P:NO2:CO:O3:NO:PM1:PM2.5:PM10,17449

2022-03-29T14:01:35,15.7,54.5,993.8,0.088,0.270,-0.001,0.001,9.5,17.9,31.7,T:H:P:NO2:CO:O3:NO:PM1:PM2.5:PM10,17509

2022-03-29T14:02:35,15.7,54.2,993.7,0.089,0.270,-0.001,0.001,9.5,17.9,31.7,T:H:P:NO2:CO:O3:NO:PM1:PM2.5:PM10,17569

2022-03-29T14:03:35,15.7,53.9,993.8,0.090,0.270,0.000,0.001,9.5,17.9,31.7,T:H:P:NO2:CO:O3:NO:PM1:PM2.5:PM10,17629

2022-03-29T14:04:35,15.7,54.0,993.7,0.092,0.270,-0.002,0.001,9.5,17.9,31.7,T:H:P:NO2:CO:O3:NO:PM1:PM2.5:PM10,17689

2022-03-29T14:05:35,15.7,54.8,993.7,0.093,0.270,-0.001,0.001,9.5,17.9,31.7,T:H:P:NO2:CO:O3:NO:PM1:PM2.5:PM10,17749

2022-03-29T14:06:35,15.8,55.4,993.7,0.094,0.270,-0.001,0.001,9.5,17.9,31.7,T:H:P:NO2:CO:O3:NO:PM1:PM2.5:PM10,17809

2022-03-29T14:07:35,15.9,55.1,993.6,0.095,0.271,-0.001,0.001,9.5,17.9,31.7,T:H:P:NO2:CO:O3:NO:PM1:PM2.5:PM10,17869

2022-03-29T14:08:35,15.9,53.7,993.6,0.095,0.275,-0.001,0.000,9.5,17.9,31.7,T:H:P:NO2:CO:O3:NO:PM1:PM2.5:PM10,17929

2022-03-29T14:09:35,15.9,51.8,993.6,0.096,0.279,0.000,0.000,9.5,17.9,31.7,T:H:P:NO2:CO:O3:NO:PM1:PM2.5:PM10,17989

2022-03-29T14:10:35,15.9,52.9,993.7,0.097,0.280,-0.002,0.000,9.5,17.9,31.7,T:H:P:NO2:CO:O3:NO:PM1:PM2.5:PM10,18049

2022-03-29T14:11:35,15.9,52.9,993.6,0.097,0.281,0.000,0.000,12.1,20.5,35.6,T:H:P:NO2:CO:O3:NO:PM1:PM2.5:PM10,18109

2022-03-29T14:12:35,15.9,52.9,993.6,0.098,0.280,-0.002,0.000,12.1,20.5,35.6,T:H:P:NO2:CO:O3:NO:PM1:PM2.5:PM10,18169

2022-03-29T14:13:35,15.9,53.1,993.7,0.099,0.278,-0.002,0.000,12.1,20.5,35.6,T:H:P:NO2:CO:O3:NO:PM1:PM2.5:PM10,18229

2022-03-29T14:14:35,15.9,52.7,993.7,0.099,0.280,-0.002,0.000,12.1,20.5,35.6,T:H:P:NO2:CO:O3:NO:PM1:PM2.5:PM10,18289

2022-03-29T14:15:35,15.9,53.0,993.6,0.100,0.278,-0.001,0.000,12.1,20.5,35.6,T:H:P:NO2:CO:O3:NO:PM1:PM2.5:PM10,18349

2022-03-29T14:16:35,15.9,52.7,993.6,0.101,0.280,-0.001,0.001,12.1,20.5,35.6,T:H:P:NO2:CO:O3:NO:PM1:PM2.5:PM10,18409

2022-03-29T14:17:35,15.9,53.4,993.7,0.101,0.279,-0.001,0.001,12.1,20.5,35.6,T:H:P:NO2:CO:O3:NO:PM1:PM2.5:PM10,18469

2022-03-29T14:18:35,15.9,53.8,993.6,0.102,0.280,-0.001,0.001,12.1,20.5,35.6,T:H:P:NO2:CO:O3:NO:PM1:PM2.5:PM10,18529

2022-03-29T14:19:35,16.0,52.9,993.6,0.102,0.284,-0.002,0.001,12.1,20.5,35.6,T:H:P:NO2:CO:O3:NO:PM1:PM2.5:PM10,18589

2022-03-29T14:20:35,16.0,53.1,993.6,0.103,0.282,-0.001,0.001,12.1,20.5,35.6,T:H:P:NO2:CO:O3:NO:PM1:PM2.5:PM10,18649

2022-03-29T14:21:35,16.0,53.2,993.6,0.103,0.283,-0.002,0.001,9.9,19.0,36.8,T:H:P:NO2:CO:O3:NO:PM1:PM2.5:PM10,18709

